1 0
1 0
1 0
1 0
2 0
2 0
3 0
3 0
4 0
4 0
5 0
5 0
6 2
6 2
7 3
7 3
8 4
8 4
9 5
9 5
10 6
10 6
10 6
10 6
11 7
11 7
12 8
12 8
13 9
13 9
14 10
14 10
15 12
15 12
16 13
16 13
17 14
17 14
18 15
18 15
19 16
19 16
19 16
19 16
20 17
20 17
21 18
21 18
22 19
22 19
23 19
23 19
24 20
24 20
25 20
25 20
26 22
26 22
27 22
27 22
29 23
29 23
29 23
29 23
31 23
31 23
31 23
31 23
32 23
32 23
33 24
33 24
35 24
35 24
35 24
35 24
36 22
36 22
38 21
38 21
38 21
38 21
39 21
39 21
41 20
41 20
41 20
41 20
42 20
42 20
43 19
43 19
43 19
43 19
46 15
46 15
46 15
46 15
46 15
46 15
48 13
48 13
49 12
49 12
49 12
49 12
50 12
50 12
50 12
50 12
51 12
51 12
51 12
51 12
52 11
52 11
53 11
53 11
54 14
54 14
55 15
55 15
55 15
55 15
56 18
56 18
57 19
57 19
58 20
58 20
59 22
59 22
60 23
60 23
61 23
61 23
62 26
62 26
63 28
63 28
64 30
64 30
64 30
64 30
65 32
65 32
66 33
66 33
67 34
67 34
68 38
68 38
69 39
69 39
70 41
70 41
71 44
71 44
72 46
72 46
73 48
73 48
73 48
73 48
74 50
74 50
75 52
75 52
76 54
76 54
77 57
77 57
78 58
78 58
79 60
79 60
80 62
80 62
81 64
81 64
82 65
82 65
82 65
82 65
83 66
83 66
84 67
84 67
85 67
85 67
86 70
86 70
87 70
87 70
88 71
88 71
89 73
89 73
90 74
90 74
91 74
91 74
91 74
91 74
92 75
92 75
93 76
93 76
94 76
94 76
95 79
95 79
96 79
96 79
97 80
97 80
98 82
98 82
99 83
99 83
100 83
100 83
100 83
100 83
101 84
101 84
102 85
102 85
103 85
103 85
104 88
104 88
105 88
105 88
106 89
106 89
107 91
107 91
108 92
108 92
109 93
109 93
109 93
109 93
110 93
110 93
111 94
111 94
112 95
112 95
113 96
113 96
114 98
114 98
115 98
115 98
116 99
116 99
117 97
117 97
118 97
118 97
118 97
118 97
119 95
119 95
120 96
120 96
121 96
121 96
122 95
122 95
123 97
123 97
124 96
124 96
125 97
125 97
126 99
126 99
127 97
127 97
127 97
127 97
128 98
128 98
129 98
129 98
130 97
130 97
131 98
131 98
132 98
132 98
133 96
133 96
134 98
134 98
135 98
135 98
136 97
136 97
136 97
136 97
137 97
137 97
138 97
138 97
139 96
139 96
140 98
140 98
141 97
141 97
142 96
142 96
143 98
143 98
144 99
144 99
145 99
145 99
145 99
145 99
146 100
146 100
147 99
147 99
148 97
148 97
149 99
149 99
150 98
150 98
151 96
151 96
152 98
152 98
153 99
153 99
154 99
154 99
154 99
154 99
155 100
155 100
156 100
156 100
157 99
157 99
158 101
158 101
159 99
159 99
160 98
160 98
161 99
161 99
162 99
162 99
163 98
163 98
163 98
163 98
164 99
164 99
165 100
165 100
166 100
166 100
167 103
167 103
168 103
168 103
169 104
169 104
170 106
170 106
171 106
171 106
172 106
172 106
172 106
172 106
173 106
173 106
174 107
174 107
175 107
175 107
176 110
176 110
177 110
177 110
178 111
178 111
179 113
179 113
180 113
180 113
181 113
181 113
181 113
181 113
182 114
182 114
183 114
183 114
184 114
184 114
185 117
185 117
186 116
186 116
187 116
187 116
188 118
188 118
189 118
189 118
190 118
190 118
190 118
190 118
191 118
191 118
192 119
192 119
193 120
193 120
194 123
194 123
195 123
195 123
196 124
196 124
197 126
197 126
198 126
198 126
199 127
199 127
199 127
199 127
200 128
200 128
201 129
201 129
202 130
202 130
203 131
203 131
204 133
204 133
205 134
205 134
206 134
206 134
207 136
207 136
208 137
208 137
208 137
208 137
209 135
209 135
210 136
210 136
211 137
211 137
212 138
212 138
213 139
213 139
214 140
214 140
215 140
215 140
216 141
216 141
217 142
217 142
217 142
217 142
218 143
218 143
219 144
219 144
220 145
220 145
221 146
221 146
222 146
222 146
223 149
223 149
224 150
224 150
225 150
225 150
226 151
226 151
227 152
227 152
227 152
227 152
228 154
228 154
229 153
229 153
230 153
230 153
231 153
231 153
232 155
232 155
233 154
233 154
234 155
234 155
235 156
235 156
236 153
236 153
236 153
236 153
237 154
237 154
238 154
238 154
239 154
239 154
240 155
240 155
241 155
241 155
242 155
242 155
243 156
243 156
244 157
244 157
244 157
244 157
245 157
245 157
246 155
246 155
247 156
247 156
248 153
248 153
249 149
249 149
250 148
250 148
251 148
251 148
252 146
252 146
253 146
253 146
253 146
253 146
254 146
254 146
255 145
255 145
256 143
256 143
257 143
257 143
258 143
258 143
259 143
259 143
260 140
260 140
261 139
261 139
262 137
262 137
262 137
262 137
263 137
263 137
264 136
264 136
265 137
265 137
266 137
266 137
267 138
267 138
268 136
268 136
269 137
269 137
270 135
270 135
271 136
271 136
271 136
271 136
272 134
272 134
273 133
273 133
274 131
274 131
275 131
275 131
276 131
276 131
277 130
277 130
278 130
278 130
279 130
279 130
280 127
280 127
280 127
280 127
281 127
281 127
282 128
282 128
283 129
283 129
284 132
284 132
285 129
285 129
286 130
286 130
287 130
287 130
288 132
288 132
289 132
289 132
289 132
289 132
290 132
290 132
291 132
291 132
292 130
292 130
293 131
293 131
294 132
294 132
295 133
295 133
296 135
296 135
297 136
297 136
298 136
298 136
298 136
298 136
299 136
299 136
300 136
300 136
301 137
301 137
302 140
302 140
303 140
303 140
304 141
304 141
305 143
305 143
306 143
306 143
307 143
307 143
307 143
307 143
308 144
308 144
309 144
309 144
310 145
310 145
311 148
311 148
312 148
312 148
313 149
313 149
314 151
314 151
315 152
315 152
316 152
316 152
316 152
316 152
317 153
317 153
318 154
318 154
319 154
319 154
320 157
320 157
321 156
321 156
322 157
322 157
323 158
323 158
324 160
324 160
325 160
325 160
325 160
325 160
326 161
326 161
327 162
327 162
328 163
328 163
329 164
329 164
330 163
330 163
331 164
331 164
332 166
332 166
333 167
333 167
334 168
334 168
334 168
334 168
335 169
335 169
336 170
336 170
337 169
337 169
338 172
338 172
339 171
339 171
340 172
340 172
341 173
341 173
342 174
342 174
343 175
343 175
343 175
343 175
344 176
344 176
345 176
345 176
346 177
346 177
347 180
347 180
348 180
348 180
349 181
349 181
350 183
350 183
351 184
351 184
352 185
352 185
352 185
352 185
353 186
353 186
354 186
354 186
355 186
355 186
356 189
356 189
357 189
357 189
358 190
358 190
358 190
358 190
359 192
359 192
360 193
360 193
361 194
361 194
361 194
361 194
362 193
362 193
363 193
363 193
364 194
364 194
365 195
365 195
366 196
366 196
367 196
367 196
368 197
368 197
369 195
369 195
370 194
370 194
370 194
370 194
371 195
371 195
372 194
372 194
373 195
373 195
374 197
374 197
375 198
375 198
376 199
376 199
377 200
377 200
378 201
378 201
379 202
379 202
379 202
379 202
380 203
380 203
381 204
381 204
382 204
382 204
383 206
383 206
384 206
384 206
385 206
385 206
386 207
386 207
387 208
387 208
388 209
388 209
388 209
388 209
389 209
389 209
390 210
390 210
391 211
391 211
392 213
392 213
393 213
393 213
394 214
394 214
395 214
395 214
396 214
396 214
397 215
397 215
397 215
397 215
398 215
398 215
399 216
399 216
400 217
400 217
401 218
401 218
402 221
402 221
403 222
403 222
404 223
404 223
405 223
405 223
406 224
406 224
406 224
406 224
407 224
407 224
408 225
408 225
409 225
409 225
410 225
410 225
411 225
411 225
412 225
412 225
413 226
413 226
414 226
414 226
415 226
415 226
415 226
415 226
416 226
416 226
417 226
417 226
418 226
418 226
419 226
419 226
420 228
420 228
421 228
421 228
422 228
422 228
423 229
423 229
424 229
424 229
424 229
424 229
425 229
425 229
426 230
426 230
427 230
427 230
428 231
428 231
429 232
429 232
430 234
430 234
431 235
431 235
432 236
432 236
433 237
433 237
434 238
434 238
434 238
434 238
435 239
435 239
436 240
436 240
437 241
437 241
438 242
438 242
439 242
439 242
440 243
440 243
441 244
441 244
442 245
442 245
443 246
443 246
443 246
443 246
444 247
444 247
445 249
445 249
446 250
446 250
447 251
447 251
448 251
448 251
449 251
449 251
450 253
450 253
451 254
451 254
452 255
452 255
452 255
452 255
453 256
453 256
454 256
454 256
455 256
455 256
456 257
456 257
457 258
457 258
458 258
458 258
459 259
459 259
460 259
460 259
460 259
460 259
461 260
461 260
462 259
462 259
463 258
463 258
464 259
464 259
465 260
465 260
466 261
466 261
467 262
467 262
468 262
468 262
469 264
469 264
470 264
470 264
470 264
470 264
471 264
471 264
472 265
472 265
473 266
473 266
474 267
474 267
475 267
475 267
476 267
476 267
477 268
477 268
478 269
478 269
478 269
478 269
479 269
479 269
480 270
480 270
481 271
481 271
482 271
482 271
483 273
483 273
484 273
484 273
485 273
485 273
486 273
486 273
487 273
487 273
489 274
489 274
489 274
489 274
489 274
489 274
490 273
490 273
491 274
491 274
492 273
492 273
493 274
493 274
494 275
494 275
496 274
496 274
498 273
498 273
499 273
499 273
500 272
500 272
502 269
502 269
503 267
503 267
504 265
504 265
506 265
506 265
507 263
507 263
508 262
508 262
509 261
509 261
511 259
511 259
512 257
512 257
513 255
513 255
514 255
514 255
515 253
515 253
516 252
516 252
517 251
517 251
519 250
519 250
520 247
520 247
521 245
521 245
522 242
522 242
523 240
523 240
524 240
524 240
525 238
525 238
526 238
526 238
527 237
527 237
528 235
528 235
529 234
529 234
530 233
530 233
531 234
531 234
532 232
532 232
533 233
533 233
534 232
534 232
535 232
535 232
536 231
536 231
538 228
538 228
541 224
541 224
544 223
544 223
544 223
544 223
545 221
545 221
547 218
547 218
549 219
549 219
550 218
550 218
551 218
551 218
552 217
552 217
553 216
553 216
554 215
554 215
554 215
554 215
554 215
554 215
555 214
555 214
556 213
556 213
557 212
557 212
557 212
557 212
559 209
559 209
559 209
559 209
560 209
560 209
561 206
561 206
561 206
561 206
561 206
561 206
563 210
563 210
563 210
563 210
563 210
563 210
565 211
565 211
565 211
565 211
565 211
565 211
571 202
571 202
571 202
571 202
571 202
571 202
590 156
590 156
590 156
590 156
590 156
590 156
609 113
609 113
609 113
609 113
609 113
609 113
628 102
628 102
628 102
628 102
628 102
628 102
630 100
630 100
630 100
630 100
630 100
630 100
631 98
631 98
631 98
631 98
631 98
631 98
633 96
633 96
633 96
633 96
633 96
633 96
634 94
634 94
634 94
634 94
634 94
634 94
665 91
665 91
666 90
666 90
685 89
685 89
699 84
699 84
699 84
699 84
699 84
699 84
700 84
700 84
700 84
700 84
700 84
700 84
706 83
706 83
706 83
706 83
706 83
706 83
725 78
725 78
725 78
725 78
725 78
725 78
744 72
744 72
744 72
744 72
744 72
744 72
764 67
764 67
764 67
764 67
764 67
764 67
821 60
821 60
821 60
821 60
839 59
839 59
860 57
860 57
860 57
860 57
878 55
878 55
898 56
898 56
900 59
900 59
902 60
902 60
903 61
903 61
904 62
904 62
905 63
905 63
907 65
907 65
908 66
908 66
909 67
909 67
910 68
910 68
912 69
912 69
913 70
913 70
914 71
914 71
915 72
915 72
916 73
916 73
917 73
917 73
917 73
917 73
918 74
918 74
918 74
918 74
919 77
919 77
920 78
920 78
921 79
921 79
921 79
921 79
922 79
922 79
923 81
923 81
923 81
923 81
924 82
924 82
924 82
924 82
925 82
925 82
925 82
925 82
926 84
926 84
926 84
926 84
928 87
928 87
928 87
928 87
928 87
928 87
929 87
929 87
929 87
929 87
929 87
929 87
931 85
931 85
931 85
931 85
931 85
931 85
932 88
932 88
932 88
932 88
932 88
932 88
934 89
934 89
934 89
934 89
934 89
934 89
935 91
935 91
935 91
935 91
935 91
935 91
937 93
937 93
937 93
937 93
937 93
937 93
938 96
938 96
938 96
938 96
938 96
938 96
940 98
940 98
940 98
940 98
940 98
940 98
941 99
941 99
941 99
941 99
941 99
941 99
943 101
943 101
943 101
943 101
943 101
943 101
944 100
944 100
944 100
944 100
944 100
944 100
946 102
946 102
946 102
946 102
946 102
946 102
947 103
947 103
947 103
947 103
947 103
947 103
949 102
949 102
949 102
949 102
949 102
949 102
950 105
950 105
950 105
950 105
950 105
950 105
952 108
952 108
952 108
952 108
952 108
952 108
953 111
953 111
953 111
953 111
953 111
953 111
956 108
956 108
956 108
956 108
956 108
956 108
958 110
958 110
958 110
958 110
958 110
958 110
961 111
961 111
961 111
961 111
961 111
961 111
963 109
963 109
963 109
963 109
963 109
963 109
966 112
966 112
966 112
966 112
966 112
966 112
968 111
968 111
968 111
968 111
968 111
968 111
971 110
971 110
971 110
971 110
971 110
971 110
973 109
973 109
973 109
973 109
973 109
973 109
976 106
976 106
976 106
976 106
976 106
976 106
978 108
978 108
978 108
978 108
978 108
978 108
981 108
981 108
981 108
981 108
981 108
981 108
983 110
983 110
983 110
983 110
983 110
983 110
986 110
986 110
986 110
986 110
986 110
986 110
988 109
988 109
988 109
988 109
988 109
988 109
991 102
991 102
991 102
991 102
991 102
991 102
994 99
994 99
994 99
994 99
994 99
994 99
996 99
996 99
996 99
996 99
996 99
996 99
999 99
999 99
999 99
999 99
999 99
999 99
