1 0
1 0
1 0
1 0
2 0
2 0
3 0
3 0
4 0
4 0
5 0
5 0
6 2
6 2
7 3
7 3
8 4
8 4
9 5
9 5
10 6
10 6
10 6
10 6
11 7
11 7
12 8
12 8
13 9
13 9
14 10
14 10
15 12
15 12
16 13
16 13
17 14
17 14
18 15
18 15
19 16
19 16
19 16
19 16
20 17
20 17
21 18
21 18
22 19
22 19
23 19
23 19
24 20
24 20
25 20
25 20
26 22
26 22
27 22
27 22
29 23
29 23
29 23
29 23
31 23
31 23
31 23
31 23
32 23
32 23
33 24
33 24
35 24
35 24
35 24
35 24
36 22
36 22
38 21
38 21
38 21
38 21
39 21
39 21
41 20
41 20
41 20
41 20
42 20
42 20
43 19
43 19
43 19
43 19
46 15
46 15
46 15
46 15
46 15
46 15
48 13
48 13
49 12
49 12
49 12
49 12
50 12
50 12
50 12
50 12
51 12
51 12
51 12
51 12
52 11
52 11
53 11
53 11
54 14
54 14
55 15
55 15
55 15
55 15
56 18
56 18
57 19
57 19
58 20
58 20
59 22
59 22
60 23
60 23
61 23
61 23
62 26
62 26
63 28
63 28
64 30
64 30
64 30
64 30
65 32
65 32
66 33
66 33
67 34
67 34
68 38
68 38
69 39
69 39
70 41
70 41
71 44
71 44
72 46
72 46
73 48
73 48
73 48
73 48
74 50
74 50
75 52
75 52
76 54
76 54
77 57
77 57
78 58
78 58
79 60
79 60
80 62
80 62
81 64
81 64
82 65
82 65
82 65
82 65
83 66
83 66
84 67
84 67
85 67
85 67
86 70
86 70
87 70
87 70
88 71
88 71
89 73
89 73
90 74
90 74
91 74
91 74
91 74
91 74
92 75
92 75
93 76
93 76
94 76
94 76
95 79
95 79
96 79
96 79
97 80
97 80
98 82
98 82
99 83
99 83
100 83
100 83
100 83
100 83
101 84
101 84
102 85
102 85
103 85
103 85
104 88
104 88
105 88
105 88
106 89
106 89
107 91
107 91
108 92
108 92
109 93
109 93
109 93
109 93
110 93
110 93
111 94
111 94
112 95
112 95
113 96
113 96
114 98
114 98
115 98
115 98
116 99
116 99
117 97
117 97
118 97
118 97
118 97
118 97
119 95
119 95
120 96
120 96
121 96
121 96
122 95
122 95
123 97
123 97
124 96
124 96
125 97
125 97
126 99
126 99
127 97
127 97
127 97
127 97
128 98
128 98
129 98
129 98
130 97
130 97
131 98
131 98
132 98
132 98
133 96
133 96
134 98
134 98
135 98
135 98
136 97
136 97
136 97
136 97
137 97
137 97
138 97
138 97
139 96
139 96
140 98
140 98
141 97
141 97
142 96
142 96
143 98
143 98
144 99
144 99
145 99
145 99
145 99
145 99
146 100
146 100
147 99
147 99
148 97
148 97
149 99
149 99
150 98
150 98
151 96
151 96
152 98
152 98
153 99
153 99
154 99
154 99
154 99
154 99
155 100
155 100
156 100
156 100
157 99
157 99
158 101
158 101
159 99
159 99
160 98
160 98
161 99
161 99
162 99
162 99
163 98
163 98
163 98
163 98
164 99
164 99
165 100
165 100
166 100
166 100
167 103
167 103
168 103
168 103
169 104
169 104
170 106
170 106
171 106
171 106
172 106
172 106
172 106
172 106
173 106
173 106
174 107
174 107
175 107
175 107
176 110
176 110
177 110
177 110
178 111
178 111
179 113
179 113
180 113
180 113
181 113
181 113
181 113
181 113
182 114
182 114
183 114
183 114
184 114
184 114
185 117
185 117
186 116
186 116
187 116
187 116
188 118
188 118
189 118
189 118
190 118
190 118
190 118
190 118
191 118
191 118
192 119
192 119
193 120
193 120
194 123
194 123
195 123
195 123
196 124
196 124
197 126
197 126
198 126
198 126
199 127
199 127
199 127
199 127
200 128
200 128
201 129
201 129
202 130
202 130
203 131
203 131
204 133
204 133
205 134
205 134
206 134
206 134
207 136
207 136
208 137
208 137
208 137
208 137
209 135
209 135
210 136
210 136
211 137
211 137
212 138
212 138
213 139
213 139
214 140
214 140
215 140
215 140
216 141
216 141
217 142
217 142
217 142
217 142
218 143
218 143
219 144
219 144
220 145
220 145
221 146
221 146
222 146
222 146
223 149
223 149
224 150
224 150
225 150
225 150
226 151
226 151
227 152
227 152
227 152
227 152
228 154
228 154
229 153
229 153
230 153
230 153
231 153
231 153
232 155
232 155
233 154
233 154
234 155
234 155
235 156
235 156
236 153
236 153
236 153
236 153
237 154
237 154
238 154
238 154
239 154
239 154
240 155
240 155
241 155
241 155
242 155
242 155
243 156
243 156
244 157
244 157
244 157
244 157
245 157
245 157
246 155
246 155
247 156
247 156
248 153
248 153
249 149
249 149
250 148
250 148
251 148
251 148
252 146
252 146
253 146
253 146
253 146
253 146
254 146
254 146
255 145
255 145
256 143
256 143
257 143
257 143
258 143
258 143
259 143
259 143
260 140
260 140
261 139
261 139
262 137
262 137
262 137
262 137
263 137
263 137
264 136
264 136
265 137
265 137
266 137
266 137
267 138
267 138
268 136
268 136
269 137
269 137
270 135
270 135
271 136
271 136
271 136
271 136
272 134
272 134
273 133
273 133
274 131
274 131
275 131
275 131
276 131
276 131
277 130
277 130
278 130
278 130
279 130
279 130
280 127
280 127
280 127
280 127
281 127
281 127
282 128
282 128
283 129
283 129
284 132
284 132
285 129
285 129
286 130
286 130
287 130
287 130
288 132
288 132
289 132
289 132
289 132
289 132
290 132
290 132
291 132
291 132
292 130
292 130
293 131
293 131
294 132
294 132
295 133
295 133
296 135
296 135
297 136
297 136
298 136
298 136
298 136
298 136
299 136
299 136
300 136
300 136
301 137
301 137
302 140
302 140
303 140
303 140
304 141
304 141
305 143
305 143
306 143
306 143
307 143
307 143
307 143
307 143
308 144
308 144
309 144
309 144
310 145
310 145
311 148
311 148
312 148
312 148
313 149
313 149
314 151
314 151
315 152
315 152
316 152
316 152
316 152
316 152
317 153
317 153
318 154
318 154
319 154
319 154
320 157
320 157
321 156
321 156
322 157
322 157
323 158
323 158
324 160
324 160
325 160
325 160
325 160
325 160
326 161
326 161
327 162
327 162
328 163
328 163
329 164
329 164
330 163
330 163
331 164
331 164
332 166
332 166
333 167
333 167
334 168
334 168
334 168
334 168
335 169
335 169
336 170
336 170
337 169
337 169
338 172
338 172
339 171
339 171
340 172
340 172
341 173
341 173
342 174
342 174
343 175
343 175
343 175
343 175
344 176
344 176
345 176
345 176
346 177
346 177
347 180
347 180
348 180
348 180
349 181
349 181
350 183
350 183
351 184
351 184
352 185
352 185
352 185
352 185
353 186
353 186
354 186
354 186
355 186
355 186
356 189
356 189
357 189
357 189
358 190
358 190
358 190
358 190
359 192
359 192
360 193
360 193
361 194
361 194
361 194
361 194
362 193
362 193
363 193
363 193
364 194
364 194
365 195
365 195
366 196
366 196
367 196
367 196
368 197
368 197
369 195
369 195
370 194
370 194
370 194
370 194
371 195
371 195
372 194
372 194
373 195
373 195
374 197
374 197
375 198
375 198
376 199
376 199
377 200
377 200
378 201
378 201
379 202
379 202
379 202
379 202
380 203
380 203
381 204
381 204
382 204
382 204
383 206
383 206
384 206
384 206
385 206
385 206
386 207
386 207
387 208
387 208
388 209
388 209
388 209
388 209
389 209
389 209
390 210
390 210
391 211
391 211
392 213
392 213
393 213
393 213
394 214
394 214
395 214
395 214
396 214
396 214
397 215
397 215
397 215
397 215
398 215
398 215
399 216
399 216
400 217
400 217
401 218
401 218
402 221
402 221
403 222
403 222
404 223
404 223
405 223
405 223
406 224
406 224
406 224
406 224
407 224
407 224
408 225
408 225
409 225
409 225
410 225
410 225
411 225
411 225
412 225
412 225
413 226
413 226
414 226
414 226
415 226
415 226
415 226
415 226
416 226
416 226
417 226
417 226
418 226
418 226
419 226
419 226
420 228
420 228
421 228
421 228
422 228
422 228
423 229
423 229
424 229
424 229
424 229
424 229
425 229
425 229
426 230
426 230
427 230
427 230
428 231
428 231
429 232
429 232
430 234
430 234
431 235
431 235
432 236
432 236
433 237
433 237
434 238
434 238
434 238
434 238
435 239
435 239
436 240
436 240
437 241
437 241
438 242
438 242
439 242
439 242
440 243
440 243
441 244
441 244
442 245
442 245
443 246
443 246
443 246
443 246
444 247
444 247
445 249
445 249
446 250
446 250
447 251
447 251
448 251
448 251
449 251
449 251
450 253
450 253
451 254
451 254
452 255
452 255
452 255
452 255
453 256
453 256
454 256
454 256
455 256
455 256
456 257
456 257
457 258
457 258
458 258
458 258
459 259
459 259
460 259
460 259
460 259
460 259
461 260
461 260
462 259
462 259
463 258
463 258
464 259
464 259
465 260
465 260
466 261
466 261
467 262
467 262
468 262
468 262
469 264
469 264
470 264
470 264
470 264
470 264
471 264
471 264
472 265
472 265
473 266
473 266
474 267
474 267
475 267
475 267
476 267
476 267
477 268
477 268
478 269
478 269
478 269
478 269
479 269
479 269
480 270
480 270
481 271
481 271
482 271
482 271
483 273
483 273
484 273
484 273
485 273
485 273
486 273
486 273
487 273
487 273
489 274
489 274
489 274
489 274
489 274
489 274
490 273
490 273
491 274
491 274
492 273
492 273
493 274
493 274
494 275
494 275
496 274
496 274
498 273
498 273
499 273
499 273
500 272
500 272
502 269
502 269
503 267
503 267
504 265
504 265
506 265
506 265
507 263
507 263
508 262
508 262
509 261
509 261
511 259
511 259
512 257
512 257
513 255
513 255
514 255
514 255
515 253
515 253
516 252
516 252
517 251
517 251
519 250
519 250
520 247
520 247
521 245
521 245
522 242
522 242
523 240
523 240
524 240
524 240
525 238
525 238
526 238
526 238
527 237
527 237
528 235
528 235
529 234
529 234
530 233
530 233
531 234
531 234
532 232
532 232
533 233
533 233
534 232
534 232
535 232
535 232
536 231
536 231
537 230
537 230
538 228
538 228
539 227
539 227
540 227
540 227
541 225
541 225
542 226
542 226
543 225
543 225
544 225
544 225
545 225
545 225
546 223
546 223
547 222
547 222
548 222
548 222
549 223
549 223
550 222
550 222
551 222
551 222
552 222
552 222
553 221
553 221
554 220
554 220
555 221
555 221
556 220
556 220
557 218
557 218
558 217
558 217
559 217
559 217
560 215
560 215
561 212
561 212
562 212
562 212
563 211
563 211
564 211
564 211
565 210
565 210
566 207
566 207
567 206
567 206
568 208
568 208
569 202
569 202
570 202
570 202
571 204
571 204
572 201
572 201
573 200
573 200
574 200
574 200
575 198
575 198
576 198
576 198
577 197
577 197
578 196
578 196
579 195
579 195
580 194
580 194
581 192
581 192
582 191
582 191
583 190
583 190
584 189
584 189
585 188
585 188
586 189
586 189
587 186
587 186
588 183
588 183
589 183
589 183
590 182
590 182
591 182
591 182
592 183
592 183
593 177
593 177
594 177
594 177
595 177
595 177
596 176
596 176
597 174
597 174
598 175
598 175
599 174
599 174
600 174
600 174
601 175
601 175
602 174
602 174
603 174
603 174
604 175
604 175
605 175
605 175
606 175
606 175
607 177
607 177
608 175
608 175
609 175
609 175
610 176
610 176
611 175
611 175
612 176
612 176
613 177
613 177
614 176
614 176
615 177
615 177
616 179
616 179
617 179
617 179
618 180
618 180
619 181
619 181
620 181
620 181
621 182
621 182
622 184
622 184
623 183
623 183
624 184
624 184
625 185
625 185
626 185
626 185
627 184
627 184
628 184
628 184
629 184
629 184
630 183
630 183
631 183
631 183
632 181
632 181
633 182
633 182
634 182
634 182
635 182
635 182
636 183
636 183
637 185
637 185
638 185
638 185
639 186
639 186
640 188
640 188
641 188
641 188
642 189
642 189
643 191
643 191
644 190
644 190
645 190
645 190
646 192
646 192
647 192
647 192
648 192
648 192
649 194
649 194
650 194
650 194
651 195
651 195
652 197
652 197
653 197
653 197
654 198
654 198
655 200
655 200
656 200
656 200
657 200
657 200
658 202
658 202
659 202
659 202
660 202
660 202
661 204
661 204
662 204
662 204
663 204
663 204
664 206
664 206
665 206
665 206
666 206
666 206
667 208
667 208
668 208
668 208
669 209
669 209
670 211
670 211
671 211
671 211
672 212
672 212
673 214
673 214
674 214
674 214
675 215
675 215
676 217
676 217
677 217
677 217
678 217
678 217
679 219
679 219
680 219
680 219
681 220
681 220
682 222
682 222
683 222
683 222
684 223
684 223
685 225
685 225
686 225
686 225
687 226
687 226
688 228
688 228
689 226
689 226
690 225
690 225
691 227
691 227
692 227
692 227
693 228
693 228
694 230
694 230
695 230
695 230
696 231
696 231
697 233
697 233
698 233
698 233
699 233
699 233
700 235
700 235
701 235
701 235
702 236
702 236
703 238
703 238
704 238
704 238
705 239
705 239
706 240
706 240
707 240
707 240
708 241
708 241
709 243
709 243
710 243
710 243
711 243
711 243
712 245
712 245
713 245
713 245
714 245
714 245
715 247
715 247
716 247
716 247
717 248
717 248
718 250
718 250
719 249
719 249
720 250
720 250
721 252
721 252
722 252
722 252
723 252
723 252
724 253
724 253
725 253
725 253
726 252
726 252
727 254
727 254
728 254
728 254
729 255
729 255
730 257
730 257
731 256
731 256
732 257
732 257
733 259
733 259
734 259
734 259
735 260
735 260
736 262
736 262
737 262
737 262
738 262
738 262
739 264
739 264
740 263
740 263
741 264
741 264
742 266
742 266
743 266
743 266
744 266
744 266
745 267
745 267
746 267
746 267
747 268
747 268
748 270
748 270
749 270
749 270
750 270
750 270
751 272
751 272
752 272
752 272
753 272
753 272
754 274
754 274
755 274
755 274
756 275
756 275
757 276
757 276
758 276
758 276
759 277
759 277
760 279
760 279
761 279
761 279
762 280
762 280
763 281
763 281
764 281
764 281
765 282
765 282
766 284
766 284
767 284
767 284
768 284
768 284
769 286
769 286
770 286
770 286
771 287
771 287
772 289
772 289
773 289
773 289
774 290
774 290
774 290
774 290
775 293
775 293
776 293
776 293
777 294
777 294
777 294
777 294
778 296
778 296
779 296
779 296
779 296
779 296
780 298
780 298
782 300
782 300
782 300
782 300
782 300
782 300
783 301
783 301
784 302
784 302
785 303
785 303
786 305
786 305
787 306
787 306
788 307
788 307
789 308
789 308
790 309
790 309
792 313
792 313
792 313
792 313
793 313
793 313
794 314
794 314
795 314
795 314
796 317
796 317
797 318
797 318
798 319
798 319
799 320
799 320
800 322
800 322
801 322
801 322
802 324
802 324
803 325
803 325
804 326
804 326
805 327
805 327
806 328
806 328
807 329
807 329
808 330
808 330
809 331
809 331
810 332
810 332
811 333
811 333
812 334
812 334
813 335
813 335
814 336
814 336
815 338
815 338
816 338
816 338
817 339
817 339
818 340
818 340
819 342
819 342
820 342
820 342
821 343
821 343
822 344
822 344
823 345
823 345
824 345
824 345
825 346
825 346
826 347
826 347
827 348
827 348
828 348
828 348
829 349
829 349
830 350
830 350
831 351
831 351
832 352
832 352
833 353
833 353
834 354
834 354
835 355
835 355
836 356
836 356
837 357
837 357
838 357
838 357
839 358
839 358
840 358
840 358
841 359
841 359
842 360
842 360
843 361
843 361
844 362
844 362
845 363
845 363
846 363
846 363
846 363
846 363
846 363
846 363
847 364
847 364
849 366
849 366
849 366
849 366
850 367
850 367
852 368
852 368
853 368
853 368
853 368
853 368
854 369
854 369
854 369
854 369
855 371
855 371
856 371
856 371
858 374
858 374
859 375
859 375
861 377
861 377
861 377
861 377
863 380
863 380
864 381
864 381
866 383
866 383
866 383
866 383
866 383
866 383
867 384
867 384
871 388
871 388
872 389
872 389
873 389
873 389
874 390
874 390
875 391
875 391
875 391
875 391
875 391
875 391
876 392
876 392
877 393
877 393
878 393
878 393
879 393
879 393
880 394
880 394
881 395
881 395
882 396
882 396
883 396
883 396
884 398
884 398
885 398
885 398
886 401
886 401
887 401
887 401
888 402
888 402
889 401
889 401
890 403
890 403
891 403
891 403
892 404
892 404
893 405
893 405
894 406
894 406
895 407
895 407
896 408
896 408
897 408
897 408
898 409
898 409
899 410
899 410
900 411
900 411
901 412
901 412
902 413
902 413
903 414
903 414
904 414
904 414
905 416
905 416
906 416
906 416
907 417
907 417
908 417
908 417
910 419
910 419
911 420
911 420
912 421
912 421
913 422
913 422
915 423
915 423
916 425
916 425
917 425
917 425
918 425
918 425
919 425
919 425
921 426
921 426
922 426
922 426
924 426
924 426
925 427
925 427
926 426
926 426
928 423
928 423
929 422
929 422
930 423
930 423
931 419
931 419
932 420
932 420
933 418
933 418
934 418
934 418
937 414
937 414
938 416
938 416
939 415
939 415
940 414
940 414
941 411
941 411
942 412
942 412
944 411
944 411
945 408
945 408
946 409
946 409
947 406
947 406
948 407
948 407
949 407
949 407
950 406
950 406
951 407
951 407
952 406
952 406
954 407
954 407
955 407
955 407
956 405
956 405
957 407
957 407
958 406
958 406
959 404
959 404
960 402
960 402
961 403
961 403
962 402
962 402
963 401
963 401
964 399
964 399
965 397
965 397
967 396
967 396
968 394
968 394
969 393
969 393
970 392
970 392
971 390
971 390
972 389
972 389
973 388
973 388
974 388
974 388
975 385
975 385
976 384
976 384
977 382
977 382
978 381
978 381
979 379
979 379
980 378
980 378
981 376
981 376
982 376
982 376
983 373
983 373
984 374
984 374
985 373
985 373
988 369
988 369
989 368
989 368
990 366
990 366
992 366
992 366
992 366
992 366
993 364
993 364
993 364
993 364
994 361
994 361
996 358
996 358
997 358
997 358
998 356
998 356
998 356
998 356
999 354
999 354
1000 352
1000 352
