1 0
1 0
1 0
1 0
2 0
2 0
3 0
3 0
4 0
4 0
5 0
5 0
6 2
6 2
7 3
7 3
8 4
8 4
9 5
9 5
10 6
10 6
10 6
10 6
11 7
11 7
12 8
12 8
13 9
13 9
14 10
14 10
15 12
15 12
16 13
16 13
17 14
17 14
18 15
18 15
19 16
19 16
19 16
19 16
20 17
20 17
21 18
21 18
22 19
22 19
23 19
23 19
24 20
24 20
25 20
25 20
26 22
26 22
27 22
27 22
29 23
29 23
29 23
29 23
31 23
31 23
31 23
31 23
32 23
32 23
33 24
33 24
35 24
35 24
35 24
35 24
36 22
36 22
38 21
38 21
38 21
38 21
39 21
39 21
41 20
41 20
41 20
41 20
42 20
42 20
43 19
43 19
43 19
43 19
46 15
46 15
46 15
46 15
46 15
46 15
48 13
48 13
49 12
49 12
49 12
49 12
50 12
50 12
50 12
50 12
51 12
51 12
51 12
51 12
52 11
52 11
53 11
53 11
54 14
54 14
55 15
55 15
55 15
55 15
56 18
56 18
57 19
57 19
58 20
58 20
59 22
59 22
60 23
60 23
61 23
61 23
62 26
62 26
63 28
63 28
64 30
64 30
64 30
64 30
65 32
65 32
66 33
66 33
67 34
67 34
68 38
68 38
69 39
69 39
70 41
70 41
71 44
71 44
72 46
72 46
73 48
73 48
73 48
73 48
74 50
74 50
75 52
75 52
76 54
76 54
77 57
77 57
78 58
78 58
79 60
79 60
80 62
80 62
81 64
81 64
82 65
82 65
82 65
82 65
83 66
83 66
84 67
84 67
85 67
85 67
86 70
86 70
87 70
87 70
88 71
88 71
89 73
89 73
90 74
90 74
91 74
91 74
91 74
91 74
92 75
92 75
93 76
93 76
94 76
94 76
95 79
95 79
96 79
96 79
97 80
97 80
98 82
98 82
99 83
99 83
100 83
100 83
100 83
100 83
101 84
101 84
102 85
102 85
103 85
103 85
104 88
104 88
105 88
105 88
106 89
106 89
107 91
107 91
108 92
108 92
109 93
109 93
109 93
109 93
110 93
110 93
111 94
111 94
112 95
112 95
113 96
113 96
114 98
114 98
115 98
115 98
116 99
116 99
117 97
117 97
118 97
118 97
118 97
118 97
119 95
119 95
120 96
120 96
121 96
121 96
122 95
122 95
123 97
123 97
124 96
124 96
125 97
125 97
126 99
126 99
127 97
127 97
127 97
127 97
128 98
128 98
129 98
129 98
130 97
130 97
131 98
131 98
132 98
132 98
133 96
133 96
134 98
134 98
135 98
135 98
136 97
136 97
136 97
136 97
137 97
137 97
138 97
138 97
139 96
139 96
140 98
140 98
141 97
141 97
142 96
142 96
143 98
143 98
144 99
144 99
145 99
145 99
145 99
145 99
146 100
146 100
147 99
147 99
148 97
148 97
149 99
149 99
150 98
150 98
151 96
151 96
152 98
152 98
153 99
153 99
154 99
154 99
154 99
154 99
155 100
155 100
156 100
156 100
157 99
157 99
158 101
158 101
159 99
159 99
160 98
160 98
161 99
161 99
162 99
162 99
163 98
163 98
163 98
163 98
164 99
164 99
165 100
165 100
166 100
166 100
167 103
167 103
168 103
168 103
169 104
169 104
170 106
170 106
171 106
171 106
172 106
172 106
172 106
172 106
173 106
173 106
174 107
174 107
175 107
175 107
176 110
176 110
177 110
177 110
178 111
178 111
179 113
179 113
180 113
180 113
181 113
181 113
181 113
181 113
182 114
182 114
183 114
183 114
184 114
184 114
185 117
185 117
186 116
186 116
187 116
187 116
188 118
188 118
189 118
189 118
190 118
190 118
190 118
190 118
191 118
191 118
192 119
192 119
193 120
193 120
194 123
194 123
195 123
195 123
196 124
196 124
197 126
197 126
198 126
198 126
199 127
199 127
199 127
199 127
200 128
200 128
201 129
201 129
202 130
202 130
203 131
203 131
204 133
204 133
205 134
205 134
206 134
206 134
207 136
207 136
208 137
208 137
208 137
208 137
209 135
209 135
210 136
210 136
211 137
211 137
212 138
212 138
213 139
213 139
214 140
214 140
215 140
215 140
216 141
216 141
217 142
217 142
217 142
217 142
218 143
218 143
219 144
219 144
220 145
220 145
221 146
221 146
222 146
222 146
223 149
223 149
224 150
224 150
225 150
225 150
226 151
226 151
227 152
227 152
227 152
227 152
228 154
228 154
229 153
229 153
230 153
230 153
231 153
231 153
232 155
232 155
233 154
233 154
234 155
234 155
235 156
235 156
236 153
236 153
236 153
236 153
237 154
237 154
238 154
238 154
239 154
239 154
240 155
240 155
241 155
241 155
242 155
242 155
243 156
243 156
244 157
244 157
244 157
244 157
245 157
245 157
246 155
246 155
247 156
247 156
248 153
248 153
249 149
249 149
250 148
250 148
251 148
251 148
252 146
252 146
253 146
253 146
253 146
253 146
254 146
254 146
255 145
255 145
256 143
256 143
257 143
257 143
258 143
258 143
259 143
259 143
260 140
260 140
261 139
261 139
262 137
262 137
262 137
262 137
263 137
263 137
264 136
264 136
265 137
265 137
266 137
266 137
267 138
267 138
268 136
268 136
269 137
269 137
270 135
270 135
271 136
271 136
271 136
271 136
272 134
272 134
273 133
273 133
274 131
274 131
275 131
275 131
276 131
276 131
277 130
277 130
278 130
278 130
279 130
279 130
280 127
280 127
280 127
280 127
281 127
281 127
282 128
282 128
283 129
283 129
284 132
284 132
285 129
285 129
286 130
286 130
287 130
287 130
288 132
288 132
289 132
289 132
289 132
289 132
290 132
290 132
291 132
291 132
292 130
292 130
293 131
293 131
294 132
294 132
295 133
295 133
296 135
296 135
297 136
297 136
298 136
298 136
298 136
298 136
299 136
299 136
300 136
300 136
301 137
301 137
302 140
302 140
303 140
303 140
304 141
304 141
305 143
305 143
306 143
306 143
307 143
307 143
307 143
307 143
308 144
308 144
309 144
309 144
310 145
310 145
311 148
311 148
312 148
312 148
313 149
313 149
314 151
314 151
315 152
315 152
316 152
316 152
316 152
316 152
317 153
317 153
318 154
318 154
319 154
319 154
320 157
320 157
321 156
321 156
322 157
322 157
323 158
323 158
324 160
324 160
325 160
325 160
325 160
325 160
326 161
326 161
327 162
327 162
328 163
328 163
329 164
329 164
330 163
330 163
331 164
331 164
332 166
332 166
333 167
333 167
334 168
334 168
334 168
334 168
335 169
335 169
336 170
336 170
337 169
337 169
338 172
338 172
339 171
339 171
340 172
340 172
341 173
341 173
342 174
342 174
343 175
343 175
343 175
343 175
344 176
344 176
345 176
345 176
346 177
346 177
347 180
347 180
348 180
348 180
349 181
349 181
350 183
350 183
351 184
351 184
352 185
352 185
352 185
352 185
353 186
353 186
354 186
354 186
355 186
355 186
356 189
356 189
357 189
357 189
358 190
358 190
358 190
358 190
359 192
359 192
360 193
360 193
361 194
361 194
361 194
361 194
362 193
362 193
363 193
363 193
364 194
364 194
365 195
365 195
366 196
366 196
367 196
367 196
368 197
368 197
369 195
369 195
370 194
370 194
370 194
370 194
371 195
371 195
372 194
372 194
373 195
373 195
374 197
374 197
375 198
375 198
376 199
376 199
377 200
377 200
378 201
378 201
379 202
379 202
379 202
379 202
380 203
380 203
381 204
381 204
382 204
382 204
383 206
383 206
384 206
384 206
385 206
385 206
386 207
386 207
387 208
387 208
388 209
388 209
388 209
388 209
389 209
389 209
390 210
390 210
391 211
391 211
392 213
392 213
393 213
393 213
394 214
394 214
395 214
395 214
396 214
396 214
397 215
397 215
397 215
397 215
398 215
398 215
399 216
399 216
400 217
400 217
401 218
401 218
402 221
402 221
403 222
403 222
404 223
404 223
405 223
405 223
406 224
406 224
406 224
406 224
407 224
407 224
408 225
408 225
409 225
409 225
410 225
410 225
411 225
411 225
412 225
412 225
413 226
413 226
414 226
414 226
415 226
415 226
415 226
415 226
416 226
416 226
417 226
417 226
418 226
418 226
419 226
419 226
420 228
420 228
421 228
421 228
422 228
422 228
423 229
423 229
424 229
424 229
424 229
424 229
425 229
425 229
426 230
426 230
427 230
427 230
428 231
428 231
429 232
429 232
430 234
430 234
431 235
431 235
432 236
432 236
433 237
433 237
434 238
434 238
434 238
434 238
435 239
435 239
436 240
436 240
437 241
437 241
438 242
438 242
439 242
439 242
440 243
440 243
441 244
441 244
442 245
442 245
443 246
443 246
443 246
443 246
444 247
444 247
445 249
445 249
446 250
446 250
447 251
447 251
448 251
448 251
449 251
449 251
450 253
450 253
451 254
451 254
452 255
452 255
452 255
452 255
453 256
453 256
454 256
454 256
455 256
455 256
456 257
456 257
457 258
457 258
458 258
458 258
459 259
459 259
460 259
460 259
460 259
460 259
461 260
461 260
462 259
462 259
463 258
463 258
464 259
464 259
465 260
465 260
466 261
466 261
467 262
467 262
468 262
468 262
469 264
469 264
470 264
470 264
470 264
470 264
471 264
471 264
472 265
472 265
473 266
473 266
474 267
474 267
475 267
475 267
476 267
476 267
477 268
477 268
478 269
478 269
478 269
478 269
479 269
479 269
480 270
480 270
481 271
481 271
482 271
482 271
483 273
483 273
484 273
484 273
485 273
485 273
486 273
486 273
487 273
487 273
489 274
489 274
489 274
489 274
489 274
489 274
490 273
490 273
491 274
491 274
492 273
492 273
493 274
493 274
494 275
494 275
496 274
496 274
498 273
498 273
499 273
499 273
500 272
500 272
502 269
502 269
503 267
503 267
504 265
504 265
506 265
506 265
507 263
507 263
508 262
508 262
509 261
509 261
511 259
511 259
512 257
512 257
513 255
513 255
514 255
514 255
515 253
515 253
516 252
516 252
517 251
517 251
519 250
519 250
520 247
520 247
521 245
521 245
522 242
522 242
523 240
523 240
524 240
524 240
525 238
525 238
526 238
526 238
527 237
527 237
528 235
528 235
529 234
529 234
530 233
530 233
531 234
531 234
532 232
532 232
533 233
533 233
534 232
534 232
535 232
535 232
536 231
536 231
537 230
537 230
538 228
538 228
539 227
539 227
540 227
540 227
541 225
541 225
542 226
542 226
543 225
543 225
544 225
544 225
545 225
545 225
546 223
546 223
547 222
547 222
548 222
548 222
549 223
549 223
550 222
550 222
551 222
551 222
552 222
552 222
553 221
553 221
554 220
554 220
555 221
555 221
556 220
556 220
557 218
557 218
558 217
558 217
559 217
559 217
560 215
560 215
561 212
561 212
562 212
562 212
563 211
563 211
564 211
564 211
565 210
565 210
566 207
566 207
567 206
567 206
568 208
568 208
569 202
569 202
570 202
570 202
571 204
571 204
575 197
575 197
575 197
575 197
577 195
577 195
577 195
577 195
578 194
578 194
579 193
579 193
580 190
580 190
581 191
581 191
582 191
582 191
583 189
583 189
584 190
584 190
585 190
585 190
586 191
586 191
587 189
587 189
588 186
588 186
589 186
589 186
589 186
589 186
589 186
589 186
591 187
591 187
594 181
594 181
594 181
594 181
595 179
595 179
597 176
597 176
597 176
597 176
600 177
600 177
601 176
601 176
602 177
602 177
604 177
604 177
604 177
604 177
605 177
605 177
605 177
605 177
607 180
607 180
607 180
607 180
608 180
608 180
608 180
608 180
609 181
609 181
610 183
610 183
610 183
610 183
610 183
610 183
612 183
612 183
612 183
612 183
612 183
612 183
614 181
614 181
614 181
614 181
614 181
614 181
617 185
617 185
617 185
617 185
617 185
617 185
620 185
620 185
620 185
620 185
620 185
620 185
623 184
623 184
623 184
623 184
623 184
623 184
626 183
626 183
626 183
626 183
626 183
626 183
630 174
630 174
630 174
630 174
630 174
630 174
633 171
633 171
633 171
633 171
633 171
633 171
637 166
637 166
637 166
637 166
637 166
637 166
640 161
640 161
640 161
640 161
640 161
640 161
643 161
643 161
643 161
643 161
643 161
643 161
647 160
647 160
647 160
647 160
647 160
647 160
650 162
650 162
650 162
650 162
650 162
650 162
654 161
654 161
654 161
654 161
654 161
654 161
657 160
657 160
657 160
657 160
657 160
657 160
661 159
661 159
661 159
661 159
661 159
661 159
664 160
664 160
664 160
664 160
664 160
664 160
667 162
667 162
667 162
667 162
667 162
667 162
668 162
668 162
669 164
669 164
669 164
669 164
670 164
670 164
670 164
670 164
670 164
670 164
672 168
672 168
672 168
672 168
673 170
673 170
673 170
673 170
673 170
673 170
674 171
674 171
675 175
675 175
675 175
675 175
676 180
676 180
676 180
676 180
676 180
676 180
677 181
677 181
679 188
679 188
679 188
679 188
680 189
680 189
681 191
681 191
681 191
681 191
682 194
682 194
683 197
683 197
683 197
683 197
684 198
684 198
684 198
684 198
684 198
684 198
686 203
686 203
686 203
686 203
687 206
687 206
687 206
687 206
687 206
687 206
689 210
689 210
689 210
689 210
689 210
689 210
690 210
690 210
690 210
690 210
690 210
690 210
692 214
692 214
692 214
692 214
692 214
692 214
693 219
693 219
693 219
693 219
693 219
693 219
695 223
695 223
695 223
695 223
695 223
695 223
696 228
696 228
696 228
696 228
696 228
696 228
698 231
698 231
698 231
698 231
698 231
698 231
699 234
699 234
699 234
699 234
699 234
699 234
701 239
701 239
701 239
701 239
701 239
701 239
702 243
702 243
702 243
702 243
702 243
702 243
704 248
704 248
704 248
704 248
704 248
704 248
705 251
705 251
705 251
705 251
705 251
705 251
707 256
707 256
707 256
707 256
707 256
707 256
708 259
708 259
709 259
709 259
710 262
710 262
711 263
711 263
712 264
712 264
712 264
712 264
713 265
713 265
714 265
714 265
715 265
715 265
716 268
716 268
717 269
717 269
718 270
718 270
719 270
719 270
720 270
720 270
721 271
721 271
721 271
721 271
722 273
722 273
723 273
723 273
724 273
724 273
725 275
725 275
726 273
726 273
727 274
727 274
728 276
728 276
729 277
729 277
730 278
730 278
730 278
730 278
731 278
731 278
732 279
732 279
733 279
733 279
734 282
734 282
735 282
735 282
736 283
736 283
737 285
737 285
738 285
738 285
739 286
739 286
739 286
739 286
740 286
740 286
741 286
741 286
742 287
742 287
743 290
743 290
744 289
744 289
745 289
745 289
746 291
746 291
747 292
747 292
748 293
748 293
748 293
748 293
749 294
749 294
750 293
750 293
751 294
751 294
752 297
752 297
753 296
753 296
754 297
754 297
755 299
755 299
756 300
756 300
757 300
757 300
757 300
757 300
758 301
758 301
759 302
759 302
760 302
760 302
761 305
761 305
762 305
762 305
763 305
763 305
764 307
764 307
765 308
765 308
766 309
766 309
766 309
766 309
767 310
767 310
768 309
768 309
769 310
769 310
770 313
770 313
771 313
771 313
772 314
772 314
773 316
773 316
774 317
774 317
775 318
775 318
775 318
775 318
776 318
776 318
777 319
777 319
778 320
778 320
779 323
779 323
780 323
780 323
781 324
781 324
782 326
782 326
783 327
783 327
784 328
784 328
784 328
784 328
785 328
785 328
786 329
786 329
787 330
787 330
788 333
788 333
789 333
789 333
790 334
790 334
791 336
791 336
792 337
792 337
793 338
793 338
793 338
793 338
794 337
794 337
795 338
795 338
796 339
796 339
797 342
797 342
798 342
798 342
799 343
799 343
800 344
800 344
801 345
801 345
802 346
802 346
802 346
802 346
803 347
803 347
804 348
804 348
805 349
805 349
806 350
806 350
807 352
807 352
808 353
808 353
809 353
809 353
810 355
810 355
811 356
811 356
811 356
811 356
812 357
812 357
813 358
813 358
814 358
814 358
815 359
815 359
816 361
816 361
817 361
817 361
818 362
818 362
819 364
819 364
820 364
820 364
820 364
820 364
821 365
821 365
822 366
822 366
823 366
823 366
824 367
824 367
825 370
825 370
826 371
826 371
827 371
827 371
828 372
828 372
829 373
829 373
829 373
829 373
830 374
830 374
831 375
831 375
832 375
832 375
833 376
833 376
834 379
834 379
835 379
835 379
836 380
836 380
837 382
837 382
838 383
838 383
838 383
838 383
839 384
839 384
840 383
840 383
841 384
841 384
842 385
842 385
843 386
843 386
844 388
844 388
845 389
845 389
846 388
846 388
847 390
847 390
848 391
848 391
848 391
848 391
849 393
849 393
850 393
850 393
851 394
851 394
852 395
852 395
853 396
853 396
854 397
854 397
855 398
855 398
856 400
856 400
857 401
857 401
857 401
857 401
858 402
858 402
859 403
859 403
860 403
860 403
861 403
861 403
862 404
862 404
863 405
863 405
864 406
864 406
865 408
865 408
865 408
865 408
866 409
866 409
867 407
867 407
868 408
868 408
869 409
869 409
870 410
870 410
871 411
871 411
872 411
872 411
873 412
873 412
874 414
874 414
874 414
874 414
875 415
875 415
876 416
876 416
877 417
877 417
878 418
878 418
879 419
879 419
880 420
880 420
881 421
881 421
882 423
882 423
883 424
883 424
883 424
883 424
884 426
884 426
885 427
885 427
886 428
886 428
887 429
887 429
888 429
888 429
889 429
889 429
890 430
890 430
891 432
891 432
892 433
892 433
892 433
892 433
893 433
893 433
894 434
894 434
895 435
895 435
896 436
896 436
897 436
897 436
898 437
898 437
899 438
899 438
900 439
900 439
901 441
901 441
901 441
901 441
902 442
902 442
903 443
903 443
904 444
904 444
905 445
905 445
906 446
906 446
907 446
907 446
908 447
908 447
909 448
909 448
910 450
910 450
910 450
910 450
911 451
911 451
912 452
912 452
913 452
913 452
914 453
914 453
915 454
915 454
916 455
916 455
917 456
917 456
918 456
918 456
919 456
919 456
919 456
919 456
920 457
920 457
921 458
921 458
922 458
922 458
923 459
923 459
924 458
924 458
925 458
925 458
926 458
926 458
927 457
927 457
928 456
928 456
928 456
928 456
929 455
929 455
930 456
930 456
931 453
931 453
932 454
932 454
933 453
933 453
934 454
934 454
935 451
935 451
936 453
936 453
937 451
937 451
937 451
937 451
938 454
938 454
939 452
939 452
940 454
940 454
941 450
941 450
942 452
942 452
943 451
943 451
944 451
944 451
945 449
945 449
946 450
946 450
946 450
946 450
947 447
947 447
948 448
948 448
949 448
949 448
950 448
950 448
951 449
951 449
952 449
952 449
953 450
953 450
954 449
954 449
955 450
955 450
955 450
955 450
956 448
956 448
957 449
957 449
958 448
958 448
959 447
959 447
960 444
960 444
961 443
961 443
962 442
962 442
963 442
963 442
964 439
964 439
964 439
964 439
965 438
965 438
966 434
966 434
967 434
967 434
968 434
968 434
969 433
969 433
970 432
970 432
971 431
971 431
972 433
972 433
973 431
973 431
973 431
973 431
974 430
974 430
975 430
975 430
976 431
976 431
977 428
977 428
978 428
978 428
979 426
979 426
980 421
980 421
981 421
981 421
982 419
982 419
982 419
982 419
983 418
983 418
984 416
984 416
985 417
985 417
986 414
986 414
987 414
987 414
988 413
988 413
989 412
989 412
990 412
990 412
991 410
991 410
991 410
991 410
992 410
992 410
993 408
993 408
994 407
994 407
995 407
995 407
996 406
996 406
997 406
997 406
998 405
998 405
999 407
999 407
1000 405
1000 405
1000 405
1000 405
