1 0
1 0
1 0
1 0
2 0
2 0
3 0
3 0
4 0
4 0
5 0
5 0
6 0
6 0
7 0
7 0
8 0
8 0
9 0
9 0
10 0
10 0
10 0
10 0
11 0
11 0
12 0
12 0
13 0
13 0
14 0
14 0
15 0
15 0
16 0
16 0
17 0
17 0
18 0
18 0
19 0
19 0
19 0
19 0
20 0
20 0
21 0
21 0
22 0
22 0
23 0
23 0
24 0
24 0
25 0
25 0
26 0
26 0
27 0
27 0
29 0
29 0
29 0
29 0
31 0
31 0
31 0
31 0
32 0
32 0
33 0
33 0
35 0
35 0
35 0
35 0
36 0
36 0
38 0
38 0
38 0
38 0
39 0
39 0
41 0
41 0
41 0
41 0
42 0
42 0
43 0
43 0
43 0
43 0
46 0
46 0
46 0
46 0
46 0
46 0
48 0
48 0
49 0
49 0
49 0
49 0
50 0
50 0
50 0
50 0
51 0
51 0
51 0
51 0
52 0
52 0
53 0
53 0
54 155.382
54 155.382
55 212.255
55 212.255
55 212.255
55 212.255
56 332.1
56 332.1
57 388.44
57 388.44
58 444.78
58 444.78
59 548.999
59 548.999
60 608.098
60 608.098
61 606.172
61 606.172
62 724.321
62 724.321
63 782.562
63 782.562
64 838.934
64 838.934
64 838.934
64 838.934
65 892.781
65 892.781
66 946.057
66 946.057
67 943.734
67 943.734
68 1112.7
68 1112.7
69 1116.56
69 1116.56
70 1168.61
70 1168.61
71 1287.49
71 1287.49
72 1346.18
72 1346.18
73 1402.53
73 1402.53
73 1402.53
73 1402.53
74 1456.35
74 1456.35
75 1509.51
75 1509.51
76 1506.88
76 1506.88
77 1676.14
77 1676.14
78 1679.81
78 1679.81
79 1731.81
79 1731.81
80 1850.9
80 1850.9
81 1909.56
81 1909.56
82 1965.87
82 1965.87
82 1965.87
82 1965.87
83 2019.65
83 2019.65
84 2072.78
84 2072.78
85 2069.98
85 2069.98
86 2239.37
86 2239.37
87 2242.53
87 2242.53
88 2294.3
88 2294.3
89 2413.41
89 2413.41
90 2471.54
90 2471.54
91 2527.29
91 2527.29
91 2527.29
91 2527.29
92 2580.5
92 2580.5
93 2633.05
93 2633.05
94 2629.22
94 2629.22
95 2798.56
95 2798.56
96 2796.78
96 2796.78
97 2846.35
97 2846.35
98 2964.6
98 2964.6
99 3018.08
99 3018.08
100 3069.31
100 3069.31
100 3069.31
100 3069.31
101 3118.05
101 3118.05
102 3165.43
102 3165.43
103 3154.92
103 3154.92
104 3304.91
104 3304.91
105 3293.55
105 3293.55
106 3335.17
106 3335.17
107 3432.76
107 3432.76
108 3469.67
108 3469.67
109 3507.01
109 3507.01
109 3507.01
109 3507.01
110 3489.06
110 3489.06
111 3521.23
111 3521.23
112 3551.91
112 3551.91
113 3557.97
113 3557.97
114 3640.18
114 3640.18
115 3616.73
115 3616.73
116 3644.84
116 3644.84
117 3514.26
117 3514.26
118 3477.74
118 3477.74
118 3477.74
118 3477.74
119 3365.56
119 3365.56
120 3383.16
120 3383.16
121 3349.95
121 3349.95
122 3232.78
122 3232.78
123 3314.7
123 3314.7
124 3235.08
124 3235.08
125 3237.62
125 3237.62
126 3316
126 3316
127 3194.42
127 3194.42
127 3194.42
127 3194.42
128 3228.15
128 3228.15
129 3223.09
129 3223.09
130 3146.68
130 3146.68
131 3151.66
131 3151.66
132 3120.21
132 3120.21
133 3051.91
133 3051.91
134 3123.12
134 3123.12
135 3105.64
135 3105.64
136 3037.74
136 3037.74
136 3037.74
136 3037.74
137 3009.82
137 3009.82
138 2979.28
138 2979.28
139 2905.53
139 2905.53
140 2974.34
140 2974.34
141 2890.79
141 2890.79
142 2837.78
142 2837.78
143 2911.38
143 2911.38
144 2938.75
144 2938.75
145 2922.68
145 2922.68
145 2922.68
145 2922.68
146 2938.55
146 2938.55
147 2889.32
147 2889.32
148 2784.01
148 2784.01
149 2851.53
149 2851.53
150 2770
150 2770
151 2675.47
151 2675.47
152 2736.44
152 2736.44
153 2753.18
153 2753.18
154 2725.59
154 2725.59
154 2725.59
154 2725.59
155 2744.02
155 2744.02
156 2732.33
156 2732.33
157 2662.64
157 2662.64
158 2728.07
158 2728.07
159 2659.4
159 2659.4
160 2634.13
160 2634.13
161 2636.83
161 2636.83
162 2629.08
162 2629.08
163 2570
163 2570
163 2570
163 2570
164 2599.3
164 2599.3
165 2590.5
165 2590.5
166 2581.27
166 2581.27
167 2703.56
167 2703.56
168 2717.69
168 2717.69
169 2725.71
169 2725.71
170 2782.39
170 2782.39
171 2773.11
171 2773.11
172 2745.79
172 2745.79
172 2745.79
172 2745.79
173 2786.93
173 2786.93
174 2855.92
174 2855.92
175 2859.92
175 2859.92
176 2992.14
176 2992.14
177 2995.59
177 2995.59
178 3026.81
178 3026.81
179 3102.65
179 3102.65
180 3117.38
180 3117.38
181 3127.59
181 3127.59
181 3127.59
181 3127.59
182 3162.03
182 3162.03
183 3179.52
183 3179.52
184 3181.48
184 3181.48
185 3308.41
185 3308.41
186 3301.55
186 3301.55
187 3294.13
187 3294.13
188 3342.13
188 3342.13
189 3339.6
189 3339.6
190 3319.63
190 3319.63
190 3319.63
190 3319.63
191 3289
191 3289
192 3283.39
192 3283.39
193 3299.93
193 3299.93
194 3387.97
194 3387.97
195 3402.03
195 3402.03
196 3437.36
196 3437.36
197 3491.72
197 3491.72
198 3486.69
198 3486.69
199 3522.05
199 3522.05
199 3522.05
199 3522.05
200 3540.95
200 3540.95
201 3556.85
201 3556.85
202 3574.5
202 3574.5
203 3587.83
203 3587.83
204 3629.42
204 3629.42
205 3650
205 3650
206 3618.97
206 3618.97
207 3668.61
207 3668.61
208 3670.2
208 3670.2
208 3670.2
208 3670.2
209 3601.49
209 3601.49
210 3610.86
210 3610.86
211 3630.61
211 3630.61
212 3647.77
212 3647.77
213 3647.77
213 3647.77
214 3695.61
214 3695.61
215 3672.45
215 3672.45
216 3696.78
216 3696.78
217 3704.85
217 3704.85
217 3704.85
217 3704.85
218 3727.22
218 3727.22
219 3762.01
219 3762.01
220 3777.49
220 3777.49
221 3815.49
221 3815.49
222 3778.29
222 3778.29
223 3862.89
223 3862.89
224 3887.98
224 3887.98
225 3855.05
225 3855.05
226 3896.04
226 3896.04
227 3902.1
227 3902.1
227 3902.1
227 3902.1
228 3957.83
228 3957.83
229 3954.52
229 3954.52
230 3958.47
230 3958.47
231 3938.31
231 3938.31
232 3980.64
232 3980.64
233 3927.61
233 3927.61
234 3929.93
234 3929.93
235 3932.79
235 3932.79
236 3831.68
236 3831.68
236 3831.68
236 3831.68
237 3838.92
237 3838.92
238 3808.21
238 3808.21
239 3799.23
239 3799.23
240 3822.08
240 3822.08
241 3808.91
241 3808.91
242 3745.57
242 3745.57
243 3761.47
243 3761.47
244 3768.92
244 3768.92
244 3768.92
244 3768.92
245 3738.17
245 3738.17
246 3644.46
246 3644.46
247 3653.52
247 3653.52
248 3547.06
248 3547.06
249 3398.2
249 3398.2
250 3329.36
250 3329.36
251 3311.09
251 3311.09
252 3221.57
252 3221.57
253 3198.7
253 3198.7
253 3198.7
253 3198.7
254 3195.43
254 3195.43
255 3160.97
255 3160.97
256 3081.67
256 3081.67
257 3074.05
257 3074.05
258 3056.03
258 3056.03
259 3042.13
259 3042.13
260 2952.34
260 2952.34
261 2936.23
261 2936.23
262 2864.86
262 2864.86
262 2864.86
262 2864.86
263 2854.47
263 2854.47
264 2825.03
264 2825.03
265 2863.83
265 2863.83
266 2858.67
266 2858.67
267 2866.49
267 2866.49
268 2756.01
268 2756.01
269 2715.19
269 2715.19
270 2602.09
270 2602.09
271 2581.95
271 2581.95
271 2581.95
271 2581.95
272 2523.01
272 2523.01
273 2478.15
273 2478.15
274 2406.93
274 2406.93
275 2397.77
275 2397.77
276 2377.93
276 2377.93
277 2294.24
277 2294.24
278 2290.83
278 2290.83
279 2309.62
279 2309.62
280 2236.99
280 2236.99
280 2236.99
280 2236.99
281 2211.37
281 2211.37
282 2174.59
282 2174.59
283 2150.4
283 2150.4
284 2244.5
284 2244.5
285 2179.51
285 2179.51
286 2185.55
286 2185.55
287 2156.14
287 2156.14
288 2189.05
288 2189.05
289 2188.96
289 2188.96
289 2188.96
289 2188.96
290 2179.34
290 2179.34
291 2160.57
291 2160.57
292 2133.59
292 2133.59
293 2185.88
293 2185.88
294 2187.29
294 2187.29
295 2158.46
295 2158.46
296 2205.97
296 2205.97
297 2220.9
297 2220.9
298 2199.37
298 2199.37
298 2199.37
298 2199.37
299 2174.49
299 2174.49
300 2150.2
300 2150.2
301 2142.09
301 2142.09
302 2214.89
302 2214.89
303 2202.1
303 2202.1
304 2198.43
304 2198.43
305 2219.02
305 2219.02
306 2230.83
306 2230.83
307 2228.67
307 2228.67
307 2228.67
307 2228.67
308 2216.7
308 2216.7
309 2220.48
309 2220.48
310 2250.14
310 2250.14
311 2391.6
311 2391.6
312 2426.14
312 2426.14
313 2435.21
313 2435.21
314 2463.81
314 2463.81
315 2486.88
315 2486.88
316 2473.21
316 2473.21
316 2473.21
316 2473.21
317 2471.3
317 2471.3
318 2458.38
318 2458.38
319 2466.49
319 2466.49
320 2584.51
320 2584.51
321 2567.52
321 2567.52
322 2568.62
322 2568.62
323 2593.68
323 2593.68
324 2638.41
324 2638.41
325 2620.11
325 2620.11
325 2620.11
325 2620.11
326 2612.18
326 2612.18
327 2605.44
327 2605.44
328 2593.17
328 2593.17
329 2628.31
329 2628.31
330 2613.26
330 2613.26
331 2629.08
331 2629.08
332 2668.86
332 2668.86
333 2701.87
333 2701.87
334 2747.71
334 2747.71
334 2747.71
334 2747.71
335 2753.64
335 2753.64
336 2751.71
336 2751.71
337 2711.54
337 2711.54
338 2782.07
338 2782.07
339 2742.01
339 2742.01
340 2725.43
340 2725.43
341 2772.96
341 2772.96
342 2804.56
342 2804.56
343 2833.51
343 2833.51
343 2833.51
343 2833.51
344 2861.28
344 2861.28
345 2865.52
345 2865.52
346 2882.34
346 2882.34
347 2974.16
347 2974.16
348 2974.13
348 2974.13
349 2983.22
349 2983.22
350 3010.56
350 3010.56
351 3008.6
351 3008.6
352 2996.57
352 2996.57
352 2996.57
352 2996.57
353 3009.04
353 3009.04
354 2990.64
354 2990.64
355 2959.36
355 2959.36
356 3022.61
356 3022.61
357 3004.46
357 3004.46
358 3033
358 3033
358 3033
358 3033
359 3066.79
359 3066.79
360 3069.61
360 3069.61
361 3080.62
361 3080.62
361 3080.62
361 3080.62
362 3077.09
362 3077.09
363 3085.38
363 3085.38
364 3089.4
364 3089.4
365 3128.05
365 3128.05
366 3139.38
366 3139.38
367 3131.58
367 3131.58
368 3138.75
368 3138.75
369 3089.6
369 3089.6
370 3064.19
370 3064.19
370 3064.19
370 3064.19
371 3080.7
371 3080.7
372 3051.68
372 3051.68
373 3057.57
373 3057.57
374 3115.67
374 3115.67
375 3128
375 3128
376 3149.9
376 3149.9
377 3182.6
377 3182.6
378 3207.69
378 3207.69
379 3236.59
379 3236.59
379 3236.59
379 3236.59
380 3250.82
380 3250.82
381 3264.23
381 3264.23
382 3223.71
382 3223.71
383 3280.73
383 3280.73
384 3277.88
384 3277.88
385 3275.98
385 3275.98
386 3288.07
386 3288.07
387 3300.93
387 3300.93
388 3317.22
388 3317.22
388 3317.22
388 3317.22
389 3306.84
389 3306.84
390 3317.27
390 3317.27
391 3327.05
391 3327.05
392 3384.22
392 3384.22
393 3379.49
393 3379.49
394 3387.59
394 3387.59
395 3374.85
395 3374.85
396 3351.28
396 3351.28
397 3343.58
397 3343.58
397 3343.58
397 3343.58
398 3323.95
398 3323.95
399 3322.2
399 3322.2
400 3327.63
400 3327.63
401 3377.58
401 3377.58
402 3430.88
402 3430.88
403 3453.96
403 3453.96
404 3470.8
404 3470.8
405 3473.39
405 3473.39
406 3485.56
406 3485.56
406 3485.56
406 3485.56
407 3481.3
407 3481.3
408 3491.72
408 3491.72
409 3517.04
409 3517.04
410 3540.11
410 3540.11
411 3555.1
411 3555.1
412 3557.74
412 3557.74
413 3564.75
413 3564.75
414 3575.33
414 3575.33
415 3584.08
415 3584.08
415 3584.08
415 3584.08
416 3573.22
416 3573.22
417 3578.4
417 3578.4
418 3586.75
418 3586.75
419 3586.09
419 3586.09
420 3611.37
420 3611.37
421 3621.19
421 3621.19
422 3628.95
422 3628.95
423 3636.4
423 3636.4
424 3642.34
424 3642.34
424 3642.34
424 3642.34
425 3647.58
425 3647.58
426 3656.65
426 3656.65
427 3663.91
427 3663.91
428 3686
428 3686
429 3694.11
429 3694.11
430 3728.13
430 3728.13
431 3745.73
431 3745.73
432 3758.01
432 3758.01
433 3765.93
433 3765.93
434 3771.55
434 3771.55
434 3771.55
434 3771.55
435 3774.08
435 3774.08
436 3776.6
436 3776.6
437 3774.99
437 3774.99
438 3772.58
438 3772.58
439 3750.37
439 3750.37
440 3760.84
440 3760.84
441 3760.89
441 3760.89
442 3760.47
442 3760.47
443 3764.66
443 3764.66
443 3764.66
443 3764.66
444 3773.99
444 3773.99
445 3801.4
445 3801.4
446 3815.66
446 3815.66
447 3830.36
447 3830.36
448 3828.24
448 3828.24
449 3830.3
449 3830.3
450 3860.54
450 3860.54
451 3873.98
451 3873.98
452 3888.74
452 3888.74
452 3888.74
452 3888.74
453 3896.64
453 3896.64
454 3904.99
454 3904.99
455 3914.2
455 3914.2
456 3924.04
456 3924.04
457 3932.63
457 3932.63
458 3922.48
458 3922.48
459 3928.99
459 3928.99
460 3950.19
460 3950.19
460 3950.19
460 3950.19
461 3954.91
461 3954.91
462 3944.3
462 3944.3
463 3942.98
463 3942.98
464 3948.33
464 3948.33
465 3963.24
465 3963.24
466 3971.55
466 3971.55
467 3977.43
467 3977.43
468 3971.25
468 3971.25
469 3995.59
469 3995.59
470 3989.08
470 3989.08
470 3989.08
470 3989.08
471 3986.8
471 3986.8
472 4000.79
472 4000.79
473 4015.73
473 4015.73
474 4033.2
474 4033.2
475 4037.17
475 4037.17
476 4042.62
476 4042.62
477 4062.46
477 4062.46
478 4080.82
478 4080.82
478 4080.82
478 4080.82
479 4083.46
479 4083.46
480 4100.19
480 4100.19
481 4110.39
481 4110.39
482 4113.61
482 4113.61
483 4147.77
483 4147.77
484 4152.75
484 4152.75
485 4152.97
485 4152.97
486 4167.29
486 4167.29
487 4176.24
487 4176.24
489 4191.72
489 4191.72
489 4191.72
489 4191.72
489 4191.72
489 4191.72
490 4173.19
490 4173.19
491 4199.59
491 4199.59
492 4165.34
492 4165.34
493 4169.36
493 4169.36
494 4179.88
494 4179.88
496 4130.45
496 4130.45
498 4128.23
498 4128.23
499 4110.06
499 4110.06
500 4093.49
500 4093.49
502 4038.24
502 4038.24
503 4016.33
503 4016.33
504 4002.01
504 4002.01
506 3992.75
506 3992.75
507 3970.01
507 3970.01
508 3955.31
508 3955.31
509 3933.63
509 3933.63
511 3903.92
511 3903.92
512 3868.91
512 3868.91
513 3835.05
513 3835.05
514 3827.94
514 3827.94
515 3793.34
515 3793.34
516 3788.52
516 3788.52
517 3769.99
517 3769.99
519 3752.12
519 3752.12
520 3703.48
520 3703.48
521 3662.12
521 3662.12
522 3613.7
522 3613.7
523 3611.89
523 3611.89
524 3604.6
524 3604.6
525 3573.46
525 3573.46
526 3571.82
526 3571.82
527 3553.68
527 3553.68
528 3514.58
528 3514.58
529 3498.44
529 3498.44
530 3513.76
530 3513.76
531 3518.78
531 3518.78
532 3498.98
532 3498.98
533 3500.51
533 3500.51
534 3466.55
534 3466.55
535 3469.09
535 3469.09
536 3482.1
536 3482.1
538 3433.1
538 3433.1
541 3343.13
541 3343.13
544 3347.59
544 3347.59
544 3347.59
544 3347.59
545 3311.42
545 3311.42
547 3245.62
547 3245.62
549 3191.8
549 3191.8
550 3170.93
550 3170.93
551 3175.8
551 3175.8
552 3126.43
552 3126.43
553 3105.63
553 3105.63
554 3065.22
554 3065.22
554 3065.22
554 3065.22
554 3065.22
554 3065.22
555 3039.21
555 3039.21
556 3008.93
556 3008.93
557 3015.8
557 3015.8
557 3015.8
557 3015.8
559 2912.38
559 2912.38
559 2912.38
559 2912.38
560 2906.07
560 2906.07
561 2815.04
561 2815.04
561 2815.04
561 2815.04
561 2815.04
561 2815.04
563 2806.01
563 2806.01
563 2806.01
563 2806.01
563 2806.01
563 2806.01
565 2757.47
565 2757.47
565 2757.47
565 2757.47
565 2757.47
565 2757.47
571 2613.77
571 2613.77
571 2613.77
571 2613.77
571 2613.77
571 2613.77
590 2078.04
590 2078.04
590 2078.04
590 2078.04
590 2078.04
590 2078.04
609 1336.08
609 1336.08
609 1336.08
609 1336.08
609 1336.08
609 1336.08
628 1165.91
628 1165.91
628 1165.91
628 1165.91
628 1165.91
628 1165.91
630 1128.42
630 1128.42
630 1128.42
630 1128.42
630 1128.42
630 1128.42
631 1098.21
631 1098.21
631 1098.21
631 1098.21
631 1098.21
631 1098.21
633 1068.44
633 1068.44
633 1068.44
633 1068.44
633 1068.44
633 1068.44
634 1034.99
634 1034.99
634 1034.99
634 1034.99
634 1034.99
634 1034.99
665 898.395
665 898.395
666 883.16
666 883.16
685 870.388
685 870.388
699 780.133
699 780.133
699 780.133
699 780.133
699 780.133
699 780.133
700 778.571
700 778.571
700 778.571
700 778.571
700 778.571
700 778.571
706 761.648
706 761.648
706 761.648
706 761.648
706 761.648
706 761.648
725 691.203
725 691.203
725 691.203
725 691.203
725 691.203
725 691.203
744 604.258
744 604.258
744 604.258
744 604.258
744 604.258
744 604.258
764 566.409
764 566.409
764 566.409
764 566.409
764 566.409
764 566.409
821 506.837
821 506.837
821 506.837
821 506.837
839 481.593
839 481.593
860 469.087
860 469.087
860 469.087
860 469.087
878 450.568
878 450.568
898 488.041
898 488.041
900 571.44
900 571.44
902 665.577
902 665.577
903 715.355
903 715.355
904 770.922
904 770.922
905 803.429
905 803.429
907 872.324
907 872.324
908 930.857
908 930.857
909 989.67
909 989.67
910 1026.86
910 1026.86
912 1114.15
912 1114.15
913 1174.18
913 1174.18
914 1249.59
914 1249.59
915 1289.36
915 1289.36
916 1351.67
916 1351.67
917 1395.42
917 1395.42
917 1395.42
917 1395.42
918 1477.53
918 1477.53
918 1477.53
918 1477.53
919 1576.79
919 1576.79
920 1652.26
920 1652.26
921 1723.28
921 1723.28
921 1723.28
921 1723.28
922 1785.78
922 1785.78
923 1873.92
923 1873.92
923 1873.92
923 1873.92
924 1958.72
924 1958.72
924 1958.72
924 1958.72
925 2008.58
925 2008.58
925 2008.58
925 2008.58
926 2113.92
926 2113.92
926 2113.92
926 2113.92
928 2384.52
928 2384.52
928 2384.52
928 2384.52
928 2384.52
928 2384.52
929 2455.42
929 2455.42
929 2455.42
929 2455.42
929 2455.42
929 2455.42
931 2516.43
931 2516.43
931 2516.43
931 2516.43
931 2516.43
931 2516.43
932 2738.04
932 2738.04
932 2738.04
932 2738.04
932 2738.04
932 2738.04
934 2893.59
934 2893.59
934 2893.59
934 2893.59
934 2893.59
934 2893.59
935 3005.65
935 3005.65
935 3005.65
935 3005.65
935 3005.65
935 3005.65
937 3226.03
937 3226.03
937 3226.03
937 3226.03
937 3226.03
937 3226.03
938 3474.53
938 3474.53
938 3474.53
938 3474.53
938 3474.53
938 3474.53
940 3601.99
940 3601.99
940 3601.99
940 3601.99
940 3601.99
940 3601.99
941 3671.82
941 3671.82
941 3671.82
941 3671.82
941 3671.82
941 3671.82
943 3826.39
943 3826.39
943 3826.39
943 3826.39
943 3826.39
943 3826.39
944 3798.35
944 3798.35
944 3798.35
944 3798.35
944 3798.35
944 3798.35
946 3842.02
946 3842.02
946 3842.02
946 3842.02
946 3842.02
946 3842.02
947 3924.2
947 3924.2
947 3924.2
947 3924.2
947 3924.2
947 3924.2
949 3907.22
949 3907.22
949 3907.22
949 3907.22
949 3907.22
949 3907.22
950 4030.04
950 4030.04
950 4030.04
950 4030.04
950 4030.04
950 4030.04
952 4113.24
952 4113.24
952 4113.24
952 4113.24
952 4113.24
952 4113.24
953 4369.49
953 4369.49
953 4369.49
953 4369.49
953 4369.49
953 4369.49
956 4151.22
956 4151.22
956 4151.22
956 4151.22
956 4151.22
956 4151.22
958 4089.68
958 4089.68
958 4089.68
958 4089.68
958 4089.68
958 4089.68
961 3987.05
961 3987.05
961 3987.05
961 3987.05
961 3987.05
961 3987.05
963 3877.01
963 3877.01
963 3877.01
963 3877.01
963 3877.01
963 3877.01
966 3887.27
966 3887.27
966 3887.27
966 3887.27
966 3887.27
966 3887.27
968 3713.01
968 3713.01
968 3713.01
968 3713.01
968 3713.01
968 3713.01
971 3540.83
971 3540.83
971 3540.83
971 3540.83
971 3540.83
971 3540.83
973 3371.58
973 3371.58
973 3371.58
973 3371.58
973 3371.58
973 3371.58
976 3129.51
976 3129.51
976 3129.51
976 3129.51
976 3129.51
976 3129.51
978 3036.56
978 3036.56
978 3036.56
978 3036.56
978 3036.56
978 3036.56
981 2910.2
981 2910.2
981 2910.2
981 2910.2
981 2910.2
981 2910.2
983 2807.79
983 2807.79
983 2807.79
983 2807.79
983 2807.79
983 2807.79
986 2548.59
986 2548.59
986 2548.59
986 2548.59
986 2548.59
986 2548.59
988 2402.68
988 2402.68
988 2402.68
988 2402.68
988 2402.68
988 2402.68
991 1992.29
991 1992.29
991 1992.29
991 1992.29
991 1992.29
991 1992.29
994 1661.4
994 1661.4
994 1661.4
994 1661.4
994 1661.4
994 1661.4
996 1619.91
996 1619.91
996 1619.91
996 1619.91
996 1619.91
996 1619.91
999 1369.66
999 1369.66
999 1369.66
999 1369.66
999 1369.66
999 1369.66
