1 0
1 0
1 0
1 0
2 0
2 0
3 0
3 0
4 0
4 0
5 0
5 0
6 0
6 0
7 0
7 0
8 0
8 0
9 0
9 0
10 0
10 0
10 0
10 0
11 0
11 0
12 0
12 0
13 0
13 0
14 0
14 0
15 0
15 0
16 0
16 0
17 0
17 0
18 0
18 0
19 0
19 0
19 0
19 0
20 0
20 0
21 0
21 0
22 0
22 0
23 0
23 0
24 0
24 0
25 0
25 0
26 0
26 0
27 0
27 0
29 0
29 0
29 0
29 0
31 0
31 0
31 0
31 0
32 0
32 0
33 0
33 0
35 0
35 0
35 0
35 0
36 0
36 0
38 0
38 0
38 0
38 0
39 0
39 0
41 0
41 0
41 0
41 0
42 0
42 0
43 0
43 0
43 0
43 0
46 0
46 0
46 0
46 0
46 0
46 0
48 0
48 0
49 0
49 0
49 0
49 0
50 0
50 0
50 0
50 0
51 0
51 0
51 0
51 0
52 0
52 0
53 0
53 0
54 155.382
54 155.382
55 212.255
55 212.255
55 212.255
55 212.255
56 332.1
56 332.1
57 388.44
57 388.44
58 444.78
58 444.78
59 548.999
59 548.999
60 608.098
60 608.098
61 606.172
61 606.172
62 724.321
62 724.321
63 782.562
63 782.562
64 838.934
64 838.934
64 838.934
64 838.934
65 892.781
65 892.781
66 946.057
66 946.057
67 943.734
67 943.734
68 1112.7
68 1112.7
69 1116.56
69 1116.56
70 1168.61
70 1168.61
71 1287.49
71 1287.49
72 1346.18
72 1346.18
73 1402.53
73 1402.53
73 1402.53
73 1402.53
74 1456.35
74 1456.35
75 1509.51
75 1509.51
76 1506.88
76 1506.88
77 1676.14
77 1676.14
78 1679.81
78 1679.81
79 1731.81
79 1731.81
80 1850.9
80 1850.9
81 1909.56
81 1909.56
82 1965.87
82 1965.87
82 1965.87
82 1965.87
83 2019.65
83 2019.65
84 2072.78
84 2072.78
85 2069.98
85 2069.98
86 2239.37
86 2239.37
87 2242.53
87 2242.53
88 2294.3
88 2294.3
89 2413.41
89 2413.41
90 2471.54
90 2471.54
91 2527.29
91 2527.29
91 2527.29
91 2527.29
92 2580.5
92 2580.5
93 2633.05
93 2633.05
94 2629.22
94 2629.22
95 2798.56
95 2798.56
96 2796.78
96 2796.78
97 2846.35
97 2846.35
98 2964.6
98 2964.6
99 3018.08
99 3018.08
100 3069.31
100 3069.31
100 3069.31
100 3069.31
101 3118.05
101 3118.05
102 3165.43
102 3165.43
103 3154.92
103 3154.92
104 3304.91
104 3304.91
105 3293.55
105 3293.55
106 3335.17
106 3335.17
107 3432.76
107 3432.76
108 3469.67
108 3469.67
109 3507.01
109 3507.01
109 3507.01
109 3507.01
110 3489.06
110 3489.06
111 3521.23
111 3521.23
112 3551.91
112 3551.91
113 3557.97
113 3557.97
114 3640.18
114 3640.18
115 3616.73
115 3616.73
116 3644.84
116 3644.84
117 3514.26
117 3514.26
118 3477.74
118 3477.74
118 3477.74
118 3477.74
119 3365.56
119 3365.56
120 3383.16
120 3383.16
121 3349.95
121 3349.95
122 3232.78
122 3232.78
123 3314.7
123 3314.7
124 3235.08
124 3235.08
125 3237.62
125 3237.62
126 3316
126 3316
127 3194.42
127 3194.42
127 3194.42
127 3194.42
128 3228.15
128 3228.15
129 3223.09
129 3223.09
130 3146.68
130 3146.68
131 3151.66
131 3151.66
132 3120.21
132 3120.21
133 3051.91
133 3051.91
134 3123.12
134 3123.12
135 3105.64
135 3105.64
136 3037.74
136 3037.74
136 3037.74
136 3037.74
137 3009.82
137 3009.82
138 2979.28
138 2979.28
139 2905.53
139 2905.53
140 2974.34
140 2974.34
141 2890.79
141 2890.79
142 2837.78
142 2837.78
143 2911.38
143 2911.38
144 2938.75
144 2938.75
145 2922.68
145 2922.68
145 2922.68
145 2922.68
146 2938.55
146 2938.55
147 2889.32
147 2889.32
148 2784.01
148 2784.01
149 2851.53
149 2851.53
150 2770
150 2770
151 2675.47
151 2675.47
152 2736.44
152 2736.44
153 2753.18
153 2753.18
154 2725.59
154 2725.59
154 2725.59
154 2725.59
155 2744.02
155 2744.02
156 2732.33
156 2732.33
157 2662.64
157 2662.64
158 2728.07
158 2728.07
159 2659.4
159 2659.4
160 2634.13
160 2634.13
161 2636.83
161 2636.83
162 2629.08
162 2629.08
163 2570
163 2570
163 2570
163 2570
164 2599.3
164 2599.3
165 2590.5
165 2590.5
166 2581.27
166 2581.27
167 2703.56
167 2703.56
168 2717.69
168 2717.69
169 2725.71
169 2725.71
170 2782.39
170 2782.39
171 2773.11
171 2773.11
172 2745.79
172 2745.79
172 2745.79
172 2745.79
173 2786.93
173 2786.93
174 2855.92
174 2855.92
175 2859.92
175 2859.92
176 2992.14
176 2992.14
177 2995.59
177 2995.59
178 3026.81
178 3026.81
179 3102.65
179 3102.65
180 3117.38
180 3117.38
181 3127.59
181 3127.59
181 3127.59
181 3127.59
182 3162.03
182 3162.03
183 3179.52
183 3179.52
184 3181.48
184 3181.48
185 3308.41
185 3308.41
186 3301.55
186 3301.55
187 3294.13
187 3294.13
188 3342.13
188 3342.13
189 3339.6
189 3339.6
190 3319.63
190 3319.63
190 3319.63
190 3319.63
191 3289
191 3289
192 3283.39
192 3283.39
193 3299.93
193 3299.93
194 3387.97
194 3387.97
195 3402.03
195 3402.03
196 3437.36
196 3437.36
197 3491.72
197 3491.72
198 3486.69
198 3486.69
199 3522.05
199 3522.05
199 3522.05
199 3522.05
200 3540.95
200 3540.95
201 3556.85
201 3556.85
202 3574.5
202 3574.5
203 3587.83
203 3587.83
204 3629.42
204 3629.42
205 3650
205 3650
206 3618.97
206 3618.97
207 3668.61
207 3668.61
208 3670.2
208 3670.2
208 3670.2
208 3670.2
209 3601.49
209 3601.49
210 3610.86
210 3610.86
211 3630.61
211 3630.61
212 3647.77
212 3647.77
213 3647.77
213 3647.77
214 3695.61
214 3695.61
215 3672.45
215 3672.45
216 3696.78
216 3696.78
217 3704.85
217 3704.85
217 3704.85
217 3704.85
218 3727.22
218 3727.22
219 3762.01
219 3762.01
220 3777.49
220 3777.49
221 3815.49
221 3815.49
222 3778.29
222 3778.29
223 3862.89
223 3862.89
224 3887.98
224 3887.98
225 3855.05
225 3855.05
226 3896.04
226 3896.04
227 3902.1
227 3902.1
227 3902.1
227 3902.1
228 3957.83
228 3957.83
229 3954.52
229 3954.52
230 3958.47
230 3958.47
231 3938.31
231 3938.31
232 3980.64
232 3980.64
233 3927.61
233 3927.61
234 3929.93
234 3929.93
235 3932.79
235 3932.79
236 3831.68
236 3831.68
236 3831.68
236 3831.68
237 3838.92
237 3838.92
238 3808.21
238 3808.21
239 3799.23
239 3799.23
240 3822.08
240 3822.08
241 3808.91
241 3808.91
242 3745.57
242 3745.57
243 3761.47
243 3761.47
244 3768.92
244 3768.92
244 3768.92
244 3768.92
245 3738.17
245 3738.17
246 3644.46
246 3644.46
247 3653.52
247 3653.52
248 3547.06
248 3547.06
249 3398.2
249 3398.2
250 3329.36
250 3329.36
251 3311.09
251 3311.09
252 3221.57
252 3221.57
253 3198.7
253 3198.7
253 3198.7
253 3198.7
254 3195.43
254 3195.43
255 3160.97
255 3160.97
256 3081.67
256 3081.67
257 3074.05
257 3074.05
258 3056.03
258 3056.03
259 3042.13
259 3042.13
260 2952.34
260 2952.34
261 2936.23
261 2936.23
262 2864.86
262 2864.86
262 2864.86
262 2864.86
263 2854.47
263 2854.47
264 2825.03
264 2825.03
265 2863.83
265 2863.83
266 2858.67
266 2858.67
267 2866.49
267 2866.49
268 2756.01
268 2756.01
269 2715.19
269 2715.19
270 2602.09
270 2602.09
271 2581.95
271 2581.95
271 2581.95
271 2581.95
272 2523.01
272 2523.01
273 2478.15
273 2478.15
274 2406.93
274 2406.93
275 2397.77
275 2397.77
276 2377.93
276 2377.93
277 2294.24
277 2294.24
278 2290.83
278 2290.83
279 2309.62
279 2309.62
280 2236.99
280 2236.99
280 2236.99
280 2236.99
281 2211.37
281 2211.37
282 2174.59
282 2174.59
283 2150.4
283 2150.4
284 2244.5
284 2244.5
285 2179.51
285 2179.51
286 2185.55
286 2185.55
287 2156.14
287 2156.14
288 2189.05
288 2189.05
289 2188.96
289 2188.96
289 2188.96
289 2188.96
290 2179.34
290 2179.34
291 2160.57
291 2160.57
292 2133.59
292 2133.59
293 2185.88
293 2185.88
294 2187.29
294 2187.29
295 2158.46
295 2158.46
296 2205.97
296 2205.97
297 2220.9
297 2220.9
298 2199.37
298 2199.37
298 2199.37
298 2199.37
299 2174.49
299 2174.49
300 2150.2
300 2150.2
301 2142.09
301 2142.09
302 2214.89
302 2214.89
303 2202.1
303 2202.1
304 2198.43
304 2198.43
305 2219.02
305 2219.02
306 2230.83
306 2230.83
307 2228.67
307 2228.67
307 2228.67
307 2228.67
308 2216.7
308 2216.7
309 2220.48
309 2220.48
310 2250.14
310 2250.14
311 2391.6
311 2391.6
312 2426.14
312 2426.14
313 2435.21
313 2435.21
314 2463.81
314 2463.81
315 2486.88
315 2486.88
316 2473.21
316 2473.21
316 2473.21
316 2473.21
317 2471.3
317 2471.3
318 2458.38
318 2458.38
319 2466.49
319 2466.49
320 2584.51
320 2584.51
321 2567.52
321 2567.52
322 2568.62
322 2568.62
323 2593.68
323 2593.68
324 2638.41
324 2638.41
325 2620.11
325 2620.11
325 2620.11
325 2620.11
326 2612.18
326 2612.18
327 2605.44
327 2605.44
328 2593.17
328 2593.17
329 2628.31
329 2628.31
330 2613.26
330 2613.26
331 2629.08
331 2629.08
332 2668.86
332 2668.86
333 2701.87
333 2701.87
334 2747.71
334 2747.71
334 2747.71
334 2747.71
335 2753.64
335 2753.64
336 2751.71
336 2751.71
337 2711.54
337 2711.54
338 2782.07
338 2782.07
339 2742.01
339 2742.01
340 2725.43
340 2725.43
341 2772.96
341 2772.96
342 2804.56
342 2804.56
343 2833.51
343 2833.51
343 2833.51
343 2833.51
344 2861.28
344 2861.28
345 2865.52
345 2865.52
346 2882.34
346 2882.34
347 2974.16
347 2974.16
348 2974.13
348 2974.13
349 2983.22
349 2983.22
350 3010.56
350 3010.56
351 3008.6
351 3008.6
352 2996.57
352 2996.57
352 2996.57
352 2996.57
353 3009.04
353 3009.04
354 2990.64
354 2990.64
355 2959.36
355 2959.36
356 3022.61
356 3022.61
357 3004.46
357 3004.46
358 3033
358 3033
358 3033
358 3033
359 3066.79
359 3066.79
360 3069.61
360 3069.61
361 3080.62
361 3080.62
361 3080.62
361 3080.62
362 3077.09
362 3077.09
363 3085.38
363 3085.38
364 3089.4
364 3089.4
365 3128.05
365 3128.05
366 3139.38
366 3139.38
367 3131.58
367 3131.58
368 3138.75
368 3138.75
369 3089.6
369 3089.6
370 3064.19
370 3064.19
370 3064.19
370 3064.19
371 3080.7
371 3080.7
372 3051.68
372 3051.68
373 3057.57
373 3057.57
374 3115.67
374 3115.67
375 3128
375 3128
376 3149.9
376 3149.9
377 3182.6
377 3182.6
378 3207.69
378 3207.69
379 3236.59
379 3236.59
379 3236.59
379 3236.59
380 3250.82
380 3250.82
381 3264.23
381 3264.23
382 3223.71
382 3223.71
383 3280.73
383 3280.73
384 3277.88
384 3277.88
385 3275.98
385 3275.98
386 3288.07
386 3288.07
387 3300.93
387 3300.93
388 3317.22
388 3317.22
388 3317.22
388 3317.22
389 3306.84
389 3306.84
390 3317.27
390 3317.27
391 3327.05
391 3327.05
392 3384.22
392 3384.22
393 3379.49
393 3379.49
394 3387.59
394 3387.59
395 3374.85
395 3374.85
396 3351.28
396 3351.28
397 3343.58
397 3343.58
397 3343.58
397 3343.58
398 3323.95
398 3323.95
399 3322.2
399 3322.2
400 3327.63
400 3327.63
401 3377.58
401 3377.58
402 3430.88
402 3430.88
403 3453.96
403 3453.96
404 3470.8
404 3470.8
405 3473.39
405 3473.39
406 3485.56
406 3485.56
406 3485.56
406 3485.56
407 3481.3
407 3481.3
408 3491.72
408 3491.72
409 3517.04
409 3517.04
410 3540.11
410 3540.11
411 3555.1
411 3555.1
412 3557.74
412 3557.74
413 3564.75
413 3564.75
414 3575.33
414 3575.33
415 3584.08
415 3584.08
415 3584.08
415 3584.08
416 3573.22
416 3573.22
417 3578.4
417 3578.4
418 3586.75
418 3586.75
419 3586.09
419 3586.09
420 3611.37
420 3611.37
421 3621.19
421 3621.19
422 3628.95
422 3628.95
423 3636.4
423 3636.4
424 3642.34
424 3642.34
424 3642.34
424 3642.34
425 3647.58
425 3647.58
426 3656.65
426 3656.65
427 3663.91
427 3663.91
428 3686
428 3686
429 3694.11
429 3694.11
430 3728.13
430 3728.13
431 3745.73
431 3745.73
432 3758.01
432 3758.01
433 3765.93
433 3765.93
434 3771.55
434 3771.55
434 3771.55
434 3771.55
435 3774.08
435 3774.08
436 3776.6
436 3776.6
437 3774.99
437 3774.99
438 3772.58
438 3772.58
439 3750.37
439 3750.37
440 3760.84
440 3760.84
441 3760.89
441 3760.89
442 3760.47
442 3760.47
443 3764.66
443 3764.66
443 3764.66
443 3764.66
444 3773.99
444 3773.99
445 3801.4
445 3801.4
446 3815.66
446 3815.66
447 3830.36
447 3830.36
448 3828.24
448 3828.24
449 3830.3
449 3830.3
450 3860.54
450 3860.54
451 3873.98
451 3873.98
452 3888.74
452 3888.74
452 3888.74
452 3888.74
453 3896.64
453 3896.64
454 3904.99
454 3904.99
455 3914.2
455 3914.2
456 3924.04
456 3924.04
457 3932.63
457 3932.63
458 3922.48
458 3922.48
459 3928.99
459 3928.99
460 3950.19
460 3950.19
460 3950.19
460 3950.19
461 3954.91
461 3954.91
462 3944.3
462 3944.3
463 3942.98
463 3942.98
464 3948.33
464 3948.33
465 3963.24
465 3963.24
466 3971.55
466 3971.55
467 3977.43
467 3977.43
468 3971.25
468 3971.25
469 3995.59
469 3995.59
470 3989.08
470 3989.08
470 3989.08
470 3989.08
471 3986.8
471 3986.8
472 4000.79
472 4000.79
473 4015.73
473 4015.73
474 4033.2
474 4033.2
475 4037.17
475 4037.17
476 4042.62
476 4042.62
477 4062.46
477 4062.46
478 4080.82
478 4080.82
478 4080.82
478 4080.82
479 4083.46
479 4083.46
480 4100.19
480 4100.19
481 4110.39
481 4110.39
482 4113.61
482 4113.61
483 4147.77
483 4147.77
484 4152.75
484 4152.75
485 4152.97
485 4152.97
486 4167.29
486 4167.29
487 4176.24
487 4176.24
489 4191.72
489 4191.72
489 4191.72
489 4191.72
489 4191.72
489 4191.72
490 4173.19
490 4173.19
491 4199.59
491 4199.59
492 4165.34
492 4165.34
493 4169.36
493 4169.36
494 4179.88
494 4179.88
496 4130.45
496 4130.45
498 4128.23
498 4128.23
499 4110.06
499 4110.06
500 4093.49
500 4093.49
502 4038.24
502 4038.24
503 4016.33
503 4016.33
504 4002.01
504 4002.01
506 3992.75
506 3992.75
507 3970.01
507 3970.01
508 3955.31
508 3955.31
509 3933.63
509 3933.63
511 3903.92
511 3903.92
512 3868.91
512 3868.91
513 3835.05
513 3835.05
514 3827.94
514 3827.94
515 3793.34
515 3793.34
516 3788.52
516 3788.52
517 3769.99
517 3769.99
519 3752.12
519 3752.12
520 3703.48
520 3703.48
521 3662.12
521 3662.12
522 3613.7
522 3613.7
523 3611.89
523 3611.89
524 3604.6
524 3604.6
525 3573.46
525 3573.46
526 3571.82
526 3571.82
527 3553.68
527 3553.68
528 3514.58
528 3514.58
529 3498.44
529 3498.44
530 3513.76
530 3513.76
531 3518.78
531 3518.78
532 3498.98
532 3498.98
533 3500.51
533 3500.51
534 3466.55
534 3466.55
535 3469.09
535 3469.09
536 3482.1
536 3482.1
537 3451.82
537 3451.82
538 3433.1
538 3433.1
539 3415.67
539 3415.67
540 3400.61
540 3400.61
541 3380.85
541 3380.85
542 3424.34
542 3424.34
543 3412.87
543 3412.87
544 3421.2
544 3421.2
545 3420.6
545 3420.6
546 3367.45
546 3367.45
547 3391.56
547 3391.56
548 3369.5
548 3369.5
549 3363.82
549 3363.82
550 3358.95
550 3358.95
551 3357.91
551 3357.91
552 3332.12
552 3332.12
553 3326.74
553 3326.74
554 3295.6
554 3295.6
555 3293.84
555 3293.84
556 3263.28
556 3263.28
557 3267.64
557 3267.64
558 3225.86
558 3225.86
559 3212.74
559 3212.74
560 3197.67
560 3197.67
561 3117.51
561 3117.51
562 3113.99
562 3113.99
563 3093.81
563 3093.81
564 3102.85
564 3102.85
565 3080.54
565 3080.54
566 3078.31
566 3078.31
567 3051.71
567 3051.71
568 3103.06
568 3103.06
569 2989.36
569 2989.36
570 3005.98
570 3005.98
571 3022.73
571 3022.73
572 3019.73
572 3019.73
573 3016.49
573 3016.49
574 3012.16
574 3012.16
575 2981.72
575 2981.72
576 2986.86
576 2986.86
577 2993.41
577 2993.41
578 2980.35
578 2980.35
579 2965.95
579 2965.95
580 2949.54
580 2949.54
581 2889.45
581 2889.45
582 2904.25
582 2904.25
583 2922.23
583 2922.23
584 2881.53
584 2881.53
585 2864.86
585 2864.86
586 2875.6
586 2875.6
587 2826.31
587 2826.31
588 2747.8
588 2747.8
589 2722.9
589 2722.9
590 2678.12
590 2678.12
591 2656.5
591 2656.5
592 2625.74
592 2625.74
593 2497.68
593 2497.68
594 2480.99
594 2480.99
595 2449.54
595 2449.54
596 2389.36
596 2389.36
597 2356.25
597 2356.25
598 2344.44
598 2344.44
599 2291.31
599 2291.31
600 2244.4
600 2244.4
601 2256.19
601 2256.19
602 2212.36
602 2212.36
603 2189.92
603 2189.92
604 2182.98
604 2182.98
605 2160.03
605 2160.03
606 2145.9
606 2145.9
607 2175.32
607 2175.32
608 2129.9
608 2129.9
609 2135.56
609 2135.56
610 2150.53
610 2150.53
611 2117.47
611 2117.47
612 2135.79
612 2135.79
613 2153.43
613 2153.43
614 2132.66
614 2132.66
615 2150.06
615 2150.06
616 2179.03
616 2179.03
617 2168.67
617 2168.67
618 2166.73
618 2166.73
619 2193.06
619 2193.06
620 2176.27
620 2176.27
621 2190.33
621 2190.33
622 2229.77
622 2229.77
623 2192.44
623 2192.44
624 2205.6
624 2205.6
625 2233.12
625 2233.12
626 2207.78
626 2207.78
627 2196.49
627 2196.49
628 2213.13
628 2213.13
629 2187.54
629 2187.54
630 2169.5
630 2169.5
631 2177.44
631 2177.44
632 2139.44
632 2139.44
633 2141.91
633 2141.91
634 2146.44
634 2146.44
635 2117.98
635 2117.98
636 2111.45
636 2111.45
637 2142.66
637 2142.66
638 2126.06
638 2126.06
639 2133.97
639 2133.97
640 2170.12
640 2170.12
641 2166.15
641 2166.15
642 2180.86
642 2180.86
643 2221.82
643 2221.82
644 2198.44
644 2198.44
645 2190.12
645 2190.12
646 2219.58
646 2219.58
647 2208.58
647 2208.58
648 2197.88
648 2197.88
649 2237.2
649 2237.2
650 2225.56
650 2225.56
651 2228.15
651 2228.15
652 2257.52
652 2257.52
653 2239.47
653 2239.47
654 2241.22
654 2241.22
655 2282.65
655 2282.65
656 2282.31
656 2282.31
657 2270.91
657 2270.91
658 2306.22
658 2306.22
659 2287.82
659 2287.82
660 2277.51
660 2277.51
661 2315.66
661 2315.66
662 2306.3
662 2306.3
663 2303.32
663 2303.32
664 2337.18
664 2337.18
665 2323.58
665 2323.58
666 2311.82
666 2311.82
667 2349.41
667 2349.41
668 2339.18
668 2339.18
669 2358.26
669 2358.26
670 2393.62
670 2393.62
671 2374.8
671 2374.8
672 2376.39
672 2376.39
673 2413.22
673 2413.22
674 2399.41
674 2399.41
675 2409.44
675 2409.44
676 2444.77
676 2444.77
677 2428.42
677 2428.42
678 2420.82
678 2420.82
679 2454.11
679 2454.11
680 2437.06
680 2437.06
681 2450.76
681 2450.76
682 2511.46
682 2511.46
683 2505.63
683 2505.63
684 2516.74
684 2516.74
685 2551.09
685 2551.09
686 2527.28
686 2527.28
687 2527.17
687 2527.17
688 2560.14
688 2560.14
689 2516.79
689 2516.79
690 2502.13
690 2502.13
691 2530.88
691 2530.88
692 2513.9
692 2513.9
693 2506.09
693 2506.09
694 2532.29
694 2532.29
695 2508.78
695 2508.78
696 2506.11
696 2506.11
697 2546.8
697 2546.8
698 2544.58
698 2544.58
699 2543.22
699 2543.22
700 2593.84
700 2593.84
701 2596.33
701 2596.33
702 2616.98
702 2616.98
703 2654.52
703 2654.52
704 2643.49
704 2643.49
705 2650.16
705 2650.16
706 2674.42
706 2674.42
707 2660.05
707 2660.05
708 2660.98
708 2660.98
709 2686.49
709 2686.49
710 2671.78
710 2671.78
711 2664.86
711 2664.86
712 2691.33
712 2691.33
713 2668.13
713 2668.13
714 2655.09
714 2655.09
715 2684.4
715 2684.4
716 2666.3
716 2666.3
717 2676.79
717 2676.79
718 2707.26
718 2707.26
719 2682.98
719 2682.98
720 2692.42
720 2692.42
721 2732.7
721 2732.7
722 2725.51
722 2725.51
723 2731.17
723 2731.17
724 2760.46
724 2760.46
725 2747.75
725 2747.75
726 2740.24
726 2740.24
727 2778.46
727 2778.46
728 2764.16
728 2764.16
729 2775.39
729 2775.39
730 2800.48
730 2800.48
731 2761.05
731 2761.05
732 2760.16
732 2760.16
733 2785.91
733 2785.91
734 2761.75
734 2761.75
735 2769.8
735 2769.8
736 2789.35
736 2789.35
737 2766.86
737 2766.86
738 2760.36
738 2760.36
739 2793.85
739 2793.85
740 2764.12
740 2764.12
741 2770.24
741 2770.24
742 2795.36
742 2795.36
743 2773.71
743 2773.71
744 2770.96
744 2770.96
745 2774.83
745 2774.83
746 2748.02
746 2748.02
747 2756.02
747 2756.02
748 2791.6
748 2791.6
749 2771
749 2771
750 2767.89
750 2767.89
751 2821.95
751 2821.95
752 2819.45
752 2819.45
753 2846.31
753 2846.31
754 2900.57
754 2900.57
755 2902.11
755 2902.11
756 2931.84
756 2931.84
757 2961.41
757 2961.41
758 2957.18
758 2957.18
759 2995.73
759 2995.73
760 3029.41
760 3029.41
761 3036.35
761 3036.35
762 3052.83
762 3052.83
763 3070.73
763 3070.73
764 3071.82
764 3071.82
765 3088.48
765 3088.48
766 3113.07
766 3113.07
767 3107.17
767 3107.17
768 3123.03
768 3123.03
769 3161.15
769 3161.15
770 3185.33
770 3185.33
771 3204.39
771 3204.39
772 3230.86
772 3230.86
773 3228.76
773 3228.76
774 3252.7
774 3252.7
774 3252.7
774 3252.7
775 3300.76
775 3300.76
776 3308.89
776 3308.89
777 3320.92
777 3320.92
777 3320.92
777 3320.92
778 3343.89
778 3343.89
779 3348.65
779 3348.65
779 3348.65
779 3348.65
780 3381.56
780 3381.56
782 3429.54
782 3429.54
782 3429.54
782 3429.54
782 3429.54
782 3429.54
783 3459.2
783 3459.2
784 3486.13
784 3486.13
785 3504.29
785 3504.29
786 3533.58
786 3533.58
787 3557.62
787 3557.62
788 3596.83
788 3596.83
789 3592.75
789 3592.75
790 3627.96
790 3627.96
792 3657.4
792 3657.4
792 3657.4
792 3657.4
793 3660.9
793 3660.9
794 3643.88
794 3643.88
795 3613.79
795 3613.79
796 3620.66
796 3620.66
797 3608.23
797 3608.23
798 3581.32
798 3581.32
799 3576.96
799 3576.96
800 3570.87
800 3570.87
801 3540.97
801 3540.97
802 3548.96
802 3548.96
803 3539.76
803 3539.76
804 3521.23
804 3521.23
805 3521.73
805 3521.73
806 3515.99
806 3515.99
807 3508.44
807 3508.44
808 3538.76
808 3538.76
809 3562.03
809 3562.03
810 3567.31
810 3567.31
811 3562.94
811 3562.94
812 3556.64
812 3556.64
813 3571.66
813 3571.66
814 3583.24
814 3583.24
815 3602.85
815 3602.85
816 3604.39
816 3604.39
817 3602.41
817 3602.41
818 3607.15
818 3607.15
819 3651.54
819 3651.54
820 3657.74
820 3657.74
821 3661.82
821 3661.82
822 3666.62
822 3666.62
823 3658.21
823 3658.21
824 3653.03
824 3653.03
825 3659.65
825 3659.65
826 3669.12
826 3669.12
827 3684.96
827 3684.96
828 3683.98
828 3683.98
829 3697.35
829 3697.35
830 3714.22
830 3714.22
831 3733.27
831 3733.27
832 3752.8
832 3752.8
833 3772.5
833 3772.5
834 3791.91
834 3791.91
835 3810.26
835 3810.26
836 3814.27
836 3814.27
837 3806.56
837 3806.56
838 3789.83
838 3789.83
839 3789.36
839 3789.36
840 3785.95
840 3785.95
841 3790.36
841 3790.36
842 3815.19
842 3815.19
843 3827.74
843 3827.74
844 3850.86
844 3850.86
845 3867.16
845 3867.16
846 3873.85
846 3873.85
846 3873.85
846 3873.85
846 3873.85
846 3873.85
847 3882.37
847 3882.37
849 3884.78
849 3884.78
849 3884.78
849 3884.78
850 3868.3
850 3868.3
852 3802.85
852 3802.85
853 3767.46
853 3767.46
853 3767.46
853 3767.46
854 3746.89
854 3746.89
854 3746.89
854 3746.89
855 3741.61
855 3741.61
856 3736.7
856 3736.7
858 3742.1
858 3742.1
859 3756.11
859 3756.11
861 3766.31
861 3766.31
861 3766.31
861 3766.31
863 3780.45
863 3780.45
864 3802.69
864 3802.69
866 3811.66
866 3811.66
866 3811.66
866 3811.66
866 3811.66
866 3811.66
867 3826.08
867 3826.08
871 3857.56
871 3857.56
872 3868.93
872 3868.93
873 3871.24
873 3871.24
874 3886.08
874 3886.08
875 3888.73
875 3888.73
875 3888.73
875 3888.73
875 3888.73
875 3888.73
876 3900.76
876 3900.76
877 3904.09
877 3904.09
878 3904.47
878 3904.47
879 3912.85
879 3912.85
880 3911.22
880 3911.22
881 3917.12
881 3917.12
882 3924.04
882 3924.04
883 3909.42
883 3909.42
884 3928.04
884 3928.04
885 3918.49
885 3918.49
886 3942.58
886 3942.58
887 3935.25
887 3935.25
888 3940.75
888 3940.75
889 3926.89
889 3926.89
890 3943.41
890 3943.41
891 3939.56
891 3939.56
892 3945.57
892 3945.57
893 3952.28
893 3952.28
894 3961.2
894 3961.2
895 3965.04
895 3965.04
896 3970.75
896 3970.75
897 3968.91
897 3968.91
898 3979
898 3979
899 3986.25
899 3986.25
900 3991.65
900 3991.65
901 4004.46
901 4004.46
902 4010.82
902 4010.82
903 4025.42
903 4025.42
904 4019.53
904 4019.53
905 4040.23
905 4040.23
906 4036.36
906 4036.36
907 4052.35
907 4052.35
908 4057.59
908 4057.59
910 4079.99
910 4079.99
911 4090.92
911 4090.92
912 4101.38
912 4101.38
913 4112.34
913 4112.34
915 4132.24
915 4132.24
916 4153.49
916 4153.49
917 4156.53
917 4156.53
918 4162.04
918 4162.04
919 4176.03
919 4176.03
921 4184.95
921 4184.95
922 4183.12
922 4183.12
924 4181.53
924 4181.53
925 4189.54
925 4189.54
926 4180.9
926 4180.9
928 4144.51
928 4144.51
929 4127.32
929 4127.32
930 4137.13
930 4137.13
931 4101.5
931 4101.5
932 4113.34
932 4113.34
933 4090.42
933 4090.42
934 4091.72
934 4091.72
937 4034.67
937 4034.67
938 4045.91
938 4045.91
939 4020.21
939 4020.21
940 4003.89
940 4003.89
941 3969.71
941 3969.71
942 3981.15
942 3981.15
944 3975.24
944 3975.24
945 3941.35
945 3941.35
946 3950.37
946 3950.37
947 3917.53
947 3917.53
948 3923.92
948 3923.92
949 3925.45
949 3925.45
950 3911.75
950 3911.75
951 3921.79
951 3921.79
952 3913.03
952 3913.03
954 3921.92
954 3921.92
955 3922.99
955 3922.99
956 3907.72
956 3907.72
957 3928.54
957 3928.54
958 3923.81
958 3923.81
959 3910.58
959 3910.58
960 3891.51
960 3891.51
961 3903.34
961 3903.34
962 3912.41
962 3912.41
963 3906.82
963 3906.82
964 3887.58
964 3887.58
965 3878.69
965 3878.69
967 3884.26
967 3884.26
968 3869.39
968 3869.39
969 3888.37
969 3888.37
970 3904.42
970 3904.42
971 3886.75
971 3886.75
972 3885.93
972 3885.93
973 3889.83
973 3889.83
974 3915.9
974 3915.9
975 3890.38
975 3890.38
976 3887.52
976 3887.52
977 3876.07
977 3876.07
978 3893.21
978 3893.21
979 3885.75
979 3885.75
980 3906.52
980 3906.52
981 3883.09
981 3883.09
982 3884.72
982 3884.72
983 3864.2
983 3864.2
984 3912.76
984 3912.76
985 3937.98
985 3937.98
988 3873.31
988 3873.31
989 3858.73
989 3858.73
990 3868.49
990 3868.49
992 3876.95
992 3876.95
992 3876.95
992 3876.95
993 3839.24
993 3839.24
993 3839.24
993 3839.24
994 3821.14
994 3821.14
996 3796.25
996 3796.25
997 3797.2
997 3797.2
998 3853.64
998 3853.64
998 3853.64
998 3853.64
999 3897.88
999 3897.88
1000 3883.18
1000 3883.18
