1 0
1 0
1 0
1 0
2 0
2 0
3 0
3 0
4 0
4 0
5 0
5 0
6 0
6 0
7 0
7 0
8 0
8 0
9 0
9 0
10 0
10 0
10 0
10 0
11 0
11 0
12 0
12 0
13 0
13 0
14 0
14 0
15 0
15 0
16 0
16 0
17 0
17 0
18 0
18 0
19 0
19 0
19 0
19 0
20 0
20 0
21 0
21 0
22 0
22 0
23 0
23 0
24 0
24 0
25 0
25 0
26 0
26 0
27 0
27 0
29 0
29 0
29 0
29 0
31 0
31 0
31 0
31 0
32 0
32 0
33 0
33 0
35 0
35 0
35 0
35 0
36 0
36 0
38 0
38 0
38 0
38 0
39 0
39 0
41 0
41 0
41 0
41 0
42 0
42 0
43 0
43 0
43 0
43 0
46 0
46 0
46 0
46 0
46 0
46 0
48 0
48 0
49 0
49 0
49 0
49 0
50 0
50 0
50 0
50 0
51 0
51 0
51 0
51 0
52 0
52 0
53 0
53 0
54 155.382
54 155.382
55 212.255
55 212.255
55 212.255
55 212.255
56 332.1
56 332.1
57 388.44
57 388.44
58 444.78
58 444.78
59 548.999
59 548.999
60 608.098
60 608.098
61 606.172
61 606.172
62 724.321
62 724.321
63 782.562
63 782.562
64 838.934
64 838.934
64 838.934
64 838.934
65 892.781
65 892.781
66 946.057
66 946.057
67 943.734
67 943.734
68 1112.7
68 1112.7
69 1116.56
69 1116.56
70 1168.61
70 1168.61
71 1287.49
71 1287.49
72 1346.18
72 1346.18
73 1402.53
73 1402.53
73 1402.53
73 1402.53
74 1456.35
74 1456.35
75 1509.51
75 1509.51
76 1506.88
76 1506.88
77 1676.14
77 1676.14
78 1679.81
78 1679.81
79 1731.81
79 1731.81
80 1850.9
80 1850.9
81 1909.56
81 1909.56
82 1965.87
82 1965.87
82 1965.87
82 1965.87
83 2019.65
83 2019.65
84 2072.78
84 2072.78
85 2069.98
85 2069.98
86 2239.37
86 2239.37
87 2242.53
87 2242.53
88 2294.3
88 2294.3
89 2413.41
89 2413.41
90 2471.54
90 2471.54
91 2527.29
91 2527.29
91 2527.29
91 2527.29
92 2580.5
92 2580.5
93 2633.05
93 2633.05
94 2629.22
94 2629.22
95 2798.56
95 2798.56
96 2796.78
96 2796.78
97 2846.35
97 2846.35
98 2964.6
98 2964.6
99 3018.08
99 3018.08
100 3069.31
100 3069.31
100 3069.31
100 3069.31
101 3118.05
101 3118.05
102 3165.43
102 3165.43
103 3154.92
103 3154.92
104 3304.91
104 3304.91
105 3293.55
105 3293.55
106 3335.17
106 3335.17
107 3432.76
107 3432.76
108 3469.67
108 3469.67
109 3507.01
109 3507.01
109 3507.01
109 3507.01
110 3489.06
110 3489.06
111 3521.23
111 3521.23
112 3551.91
112 3551.91
113 3557.97
113 3557.97
114 3640.18
114 3640.18
115 3616.73
115 3616.73
116 3644.84
116 3644.84
117 3514.26
117 3514.26
118 3477.74
118 3477.74
118 3477.74
118 3477.74
119 3365.56
119 3365.56
120 3383.16
120 3383.16
121 3349.95
121 3349.95
122 3232.78
122 3232.78
123 3314.7
123 3314.7
124 3235.08
124 3235.08
125 3237.62
125 3237.62
126 3316
126 3316
127 3194.42
127 3194.42
127 3194.42
127 3194.42
128 3228.15
128 3228.15
129 3223.09
129 3223.09
130 3146.68
130 3146.68
131 3151.66
131 3151.66
132 3120.21
132 3120.21
133 3051.91
133 3051.91
134 3123.12
134 3123.12
135 3105.64
135 3105.64
136 3037.74
136 3037.74
136 3037.74
136 3037.74
137 3009.82
137 3009.82
138 2979.28
138 2979.28
139 2905.53
139 2905.53
140 2974.34
140 2974.34
141 2890.79
141 2890.79
142 2837.78
142 2837.78
143 2911.38
143 2911.38
144 2938.75
144 2938.75
145 2922.68
145 2922.68
145 2922.68
145 2922.68
146 2938.55
146 2938.55
147 2889.32
147 2889.32
148 2784.01
148 2784.01
149 2851.53
149 2851.53
150 2770
150 2770
151 2675.47
151 2675.47
152 2736.44
152 2736.44
153 2753.18
153 2753.18
154 2725.59
154 2725.59
154 2725.59
154 2725.59
155 2744.02
155 2744.02
156 2732.33
156 2732.33
157 2662.64
157 2662.64
158 2728.07
158 2728.07
159 2659.4
159 2659.4
160 2634.13
160 2634.13
161 2636.83
161 2636.83
162 2629.08
162 2629.08
163 2570
163 2570
163 2570
163 2570
164 2599.3
164 2599.3
165 2590.5
165 2590.5
166 2581.27
166 2581.27
167 2703.56
167 2703.56
168 2717.69
168 2717.69
169 2725.71
169 2725.71
170 2782.39
170 2782.39
171 2773.11
171 2773.11
172 2745.79
172 2745.79
172 2745.79
172 2745.79
173 2786.93
173 2786.93
174 2855.92
174 2855.92
175 2859.92
175 2859.92
176 2992.14
176 2992.14
177 2995.59
177 2995.59
178 3026.81
178 3026.81
179 3102.65
179 3102.65
180 3117.38
180 3117.38
181 3127.59
181 3127.59
181 3127.59
181 3127.59
182 3162.03
182 3162.03
183 3179.52
183 3179.52
184 3181.48
184 3181.48
185 3308.41
185 3308.41
186 3301.55
186 3301.55
187 3294.13
187 3294.13
188 3342.13
188 3342.13
189 3339.6
189 3339.6
190 3319.63
190 3319.63
190 3319.63
190 3319.63
191 3289
191 3289
192 3283.39
192 3283.39
193 3299.93
193 3299.93
194 3387.97
194 3387.97
195 3402.03
195 3402.03
196 3437.36
196 3437.36
197 3491.72
197 3491.72
198 3486.69
198 3486.69
199 3522.05
199 3522.05
199 3522.05
199 3522.05
200 3540.95
200 3540.95
201 3556.85
201 3556.85
202 3574.5
202 3574.5
203 3587.83
203 3587.83
204 3629.42
204 3629.42
205 3650
205 3650
206 3618.97
206 3618.97
207 3668.61
207 3668.61
208 3670.2
208 3670.2
208 3670.2
208 3670.2
209 3601.49
209 3601.49
210 3610.86
210 3610.86
211 3630.61
211 3630.61
212 3647.77
212 3647.77
213 3647.77
213 3647.77
214 3695.61
214 3695.61
215 3672.45
215 3672.45
216 3696.78
216 3696.78
217 3704.85
217 3704.85
217 3704.85
217 3704.85
218 3727.22
218 3727.22
219 3762.01
219 3762.01
220 3777.49
220 3777.49
221 3815.49
221 3815.49
222 3778.29
222 3778.29
223 3862.89
223 3862.89
224 3887.98
224 3887.98
225 3855.05
225 3855.05
226 3896.04
226 3896.04
227 3902.1
227 3902.1
227 3902.1
227 3902.1
228 3957.83
228 3957.83
229 3954.52
229 3954.52
230 3958.47
230 3958.47
231 3938.31
231 3938.31
232 3980.64
232 3980.64
233 3927.61
233 3927.61
234 3929.93
234 3929.93
235 3932.79
235 3932.79
236 3831.68
236 3831.68
236 3831.68
236 3831.68
237 3838.92
237 3838.92
238 3808.21
238 3808.21
239 3799.23
239 3799.23
240 3822.08
240 3822.08
241 3808.91
241 3808.91
242 3745.57
242 3745.57
243 3761.47
243 3761.47
244 3768.92
244 3768.92
244 3768.92
244 3768.92
245 3738.17
245 3738.17
246 3644.46
246 3644.46
247 3653.52
247 3653.52
248 3547.06
248 3547.06
249 3398.2
249 3398.2
250 3329.36
250 3329.36
251 3311.09
251 3311.09
252 3221.57
252 3221.57
253 3198.7
253 3198.7
253 3198.7
253 3198.7
254 3195.43
254 3195.43
255 3160.97
255 3160.97
256 3081.67
256 3081.67
257 3074.05
257 3074.05
258 3056.03
258 3056.03
259 3042.13
259 3042.13
260 2952.34
260 2952.34
261 2936.23
261 2936.23
262 2864.86
262 2864.86
262 2864.86
262 2864.86
263 2854.47
263 2854.47
264 2825.03
264 2825.03
265 2863.83
265 2863.83
266 2858.67
266 2858.67
267 2866.49
267 2866.49
268 2756.01
268 2756.01
269 2715.19
269 2715.19
270 2602.09
270 2602.09
271 2581.95
271 2581.95
271 2581.95
271 2581.95
272 2523.01
272 2523.01
273 2478.15
273 2478.15
274 2406.93
274 2406.93
275 2397.77
275 2397.77
276 2377.93
276 2377.93
277 2294.24
277 2294.24
278 2290.83
278 2290.83
279 2309.62
279 2309.62
280 2236.99
280 2236.99
280 2236.99
280 2236.99
281 2211.37
281 2211.37
282 2174.59
282 2174.59
283 2150.4
283 2150.4
284 2244.5
284 2244.5
285 2179.51
285 2179.51
286 2185.55
286 2185.55
287 2156.14
287 2156.14
288 2189.05
288 2189.05
289 2188.96
289 2188.96
289 2188.96
289 2188.96
290 2179.34
290 2179.34
291 2160.57
291 2160.57
292 2133.59
292 2133.59
293 2185.88
293 2185.88
294 2187.29
294 2187.29
295 2158.46
295 2158.46
296 2205.97
296 2205.97
297 2220.9
297 2220.9
298 2199.37
298 2199.37
298 2199.37
298 2199.37
299 2174.49
299 2174.49
300 2150.2
300 2150.2
301 2142.09
301 2142.09
302 2214.89
302 2214.89
303 2202.1
303 2202.1
304 2198.43
304 2198.43
305 2219.02
305 2219.02
306 2230.83
306 2230.83
307 2228.67
307 2228.67
307 2228.67
307 2228.67
308 2216.7
308 2216.7
309 2220.48
309 2220.48
310 2250.14
310 2250.14
311 2391.6
311 2391.6
312 2426.14
312 2426.14
313 2435.21
313 2435.21
314 2463.81
314 2463.81
315 2486.88
315 2486.88
316 2473.21
316 2473.21
316 2473.21
316 2473.21
317 2471.3
317 2471.3
318 2458.38
318 2458.38
319 2466.49
319 2466.49
320 2584.51
320 2584.51
321 2567.52
321 2567.52
322 2568.62
322 2568.62
323 2593.68
323 2593.68
324 2638.41
324 2638.41
325 2620.11
325 2620.11
325 2620.11
325 2620.11
326 2612.18
326 2612.18
327 2605.44
327 2605.44
328 2593.17
328 2593.17
329 2628.31
329 2628.31
330 2613.26
330 2613.26
331 2629.08
331 2629.08
332 2668.86
332 2668.86
333 2701.87
333 2701.87
334 2747.71
334 2747.71
334 2747.71
334 2747.71
335 2753.64
335 2753.64
336 2751.71
336 2751.71
337 2711.54
337 2711.54
338 2782.07
338 2782.07
339 2742.01
339 2742.01
340 2725.43
340 2725.43
341 2772.96
341 2772.96
342 2804.56
342 2804.56
343 2833.51
343 2833.51
343 2833.51
343 2833.51
344 2861.28
344 2861.28
345 2865.52
345 2865.52
346 2882.34
346 2882.34
347 2974.16
347 2974.16
348 2974.13
348 2974.13
349 2983.22
349 2983.22
350 3010.56
350 3010.56
351 3008.6
351 3008.6
352 2996.57
352 2996.57
352 2996.57
352 2996.57
353 3009.04
353 3009.04
354 2990.64
354 2990.64
355 2959.36
355 2959.36
356 3022.61
356 3022.61
357 3004.46
357 3004.46
358 3033
358 3033
358 3033
358 3033
359 3066.79
359 3066.79
360 3069.61
360 3069.61
361 3080.62
361 3080.62
361 3080.62
361 3080.62
362 3077.09
362 3077.09
363 3085.38
363 3085.38
364 3089.4
364 3089.4
365 3128.05
365 3128.05
366 3139.38
366 3139.38
367 3131.58
367 3131.58
368 3138.75
368 3138.75
369 3089.6
369 3089.6
370 3064.19
370 3064.19
370 3064.19
370 3064.19
371 3080.7
371 3080.7
372 3051.68
372 3051.68
373 3057.57
373 3057.57
374 3115.67
374 3115.67
375 3128
375 3128
376 3149.9
376 3149.9
377 3182.6
377 3182.6
378 3207.69
378 3207.69
379 3236.59
379 3236.59
379 3236.59
379 3236.59
380 3250.82
380 3250.82
381 3264.23
381 3264.23
382 3223.71
382 3223.71
383 3280.73
383 3280.73
384 3277.88
384 3277.88
385 3275.98
385 3275.98
386 3288.07
386 3288.07
387 3300.93
387 3300.93
388 3317.22
388 3317.22
388 3317.22
388 3317.22
389 3306.84
389 3306.84
390 3317.27
390 3317.27
391 3327.05
391 3327.05
392 3384.22
392 3384.22
393 3379.49
393 3379.49
394 3387.59
394 3387.59
395 3374.85
395 3374.85
396 3351.28
396 3351.28
397 3343.58
397 3343.58
397 3343.58
397 3343.58
398 3323.95
398 3323.95
399 3322.2
399 3322.2
400 3327.63
400 3327.63
401 3377.58
401 3377.58
402 3430.88
402 3430.88
403 3453.96
403 3453.96
404 3470.8
404 3470.8
405 3473.39
405 3473.39
406 3485.56
406 3485.56
406 3485.56
406 3485.56
407 3481.3
407 3481.3
408 3491.72
408 3491.72
409 3517.04
409 3517.04
410 3540.11
410 3540.11
411 3555.1
411 3555.1
412 3557.74
412 3557.74
413 3564.75
413 3564.75
414 3575.33
414 3575.33
415 3584.08
415 3584.08
415 3584.08
415 3584.08
416 3573.22
416 3573.22
417 3578.4
417 3578.4
418 3586.75
418 3586.75
419 3586.09
419 3586.09
420 3611.37
420 3611.37
421 3621.19
421 3621.19
422 3628.95
422 3628.95
423 3636.4
423 3636.4
424 3642.34
424 3642.34
424 3642.34
424 3642.34
425 3647.58
425 3647.58
426 3656.65
426 3656.65
427 3663.91
427 3663.91
428 3686
428 3686
429 3694.11
429 3694.11
430 3728.13
430 3728.13
431 3745.73
431 3745.73
432 3758.01
432 3758.01
433 3765.93
433 3765.93
434 3771.55
434 3771.55
434 3771.55
434 3771.55
435 3774.08
435 3774.08
436 3776.6
436 3776.6
437 3774.99
437 3774.99
438 3772.58
438 3772.58
439 3750.37
439 3750.37
440 3760.84
440 3760.84
441 3760.89
441 3760.89
442 3760.47
442 3760.47
443 3764.66
443 3764.66
443 3764.66
443 3764.66
444 3773.99
444 3773.99
445 3801.4
445 3801.4
446 3815.66
446 3815.66
447 3830.36
447 3830.36
448 3828.24
448 3828.24
449 3830.3
449 3830.3
450 3860.54
450 3860.54
451 3873.98
451 3873.98
452 3888.74
452 3888.74
452 3888.74
452 3888.74
453 3896.64
453 3896.64
454 3904.99
454 3904.99
455 3914.2
455 3914.2
456 3924.04
456 3924.04
457 3932.63
457 3932.63
458 3922.48
458 3922.48
459 3928.99
459 3928.99
460 3950.19
460 3950.19
460 3950.19
460 3950.19
461 3954.91
461 3954.91
462 3944.3
462 3944.3
463 3942.98
463 3942.98
464 3948.33
464 3948.33
465 3963.24
465 3963.24
466 3971.55
466 3971.55
467 3977.43
467 3977.43
468 3971.25
468 3971.25
469 3995.59
469 3995.59
470 3989.08
470 3989.08
470 3989.08
470 3989.08
471 3986.8
471 3986.8
472 4000.79
472 4000.79
473 4015.73
473 4015.73
474 4033.2
474 4033.2
475 4037.17
475 4037.17
476 4042.62
476 4042.62
477 4062.46
477 4062.46
478 4080.82
478 4080.82
478 4080.82
478 4080.82
479 4083.46
479 4083.46
480 4100.19
480 4100.19
481 4110.39
481 4110.39
482 4113.61
482 4113.61
483 4147.77
483 4147.77
484 4152.75
484 4152.75
485 4152.97
485 4152.97
486 4167.29
486 4167.29
487 4176.24
487 4176.24
489 4191.72
489 4191.72
489 4191.72
489 4191.72
489 4191.72
489 4191.72
490 4173.19
490 4173.19
491 4199.59
491 4199.59
492 4165.34
492 4165.34
493 4169.36
493 4169.36
494 4179.88
494 4179.88
496 4130.45
496 4130.45
498 4128.23
498 4128.23
499 4110.06
499 4110.06
500 4093.49
500 4093.49
502 4038.24
502 4038.24
503 4016.33
503 4016.33
504 4002.01
504 4002.01
506 3992.75
506 3992.75
507 3970.01
507 3970.01
508 3955.31
508 3955.31
509 3933.63
509 3933.63
511 3903.92
511 3903.92
512 3868.91
512 3868.91
513 3835.05
513 3835.05
514 3827.94
514 3827.94
515 3793.34
515 3793.34
516 3788.52
516 3788.52
517 3769.99
517 3769.99
519 3752.12
519 3752.12
520 3703.48
520 3703.48
521 3662.12
521 3662.12
522 3613.7
522 3613.7
523 3611.89
523 3611.89
524 3604.6
524 3604.6
525 3573.46
525 3573.46
526 3571.82
526 3571.82
527 3553.68
527 3553.68
528 3514.58
528 3514.58
529 3498.44
529 3498.44
530 3513.76
530 3513.76
531 3518.78
531 3518.78
532 3498.98
532 3498.98
533 3500.51
533 3500.51
534 3466.55
534 3466.55
535 3469.09
535 3469.09
536 3482.1
536 3482.1
537 3451.82
537 3451.82
538 3433.1
538 3433.1
539 3415.67
539 3415.67
540 3400.61
540 3400.61
541 3380.85
541 3380.85
542 3424.34
542 3424.34
543 3412.87
543 3412.87
544 3421.2
544 3421.2
545 3420.6
545 3420.6
546 3367.45
546 3367.45
547 3391.56
547 3391.56
548 3369.5
548 3369.5
549 3363.82
549 3363.82
550 3358.95
550 3358.95
551 3357.91
551 3357.91
552 3332.12
552 3332.12
553 3326.74
553 3326.74
554 3295.6
554 3295.6
555 3293.84
555 3293.84
556 3263.28
556 3263.28
557 3267.64
557 3267.64
558 3225.86
558 3225.86
559 3212.74
559 3212.74
560 3197.67
560 3197.67
561 3117.51
561 3117.51
562 3113.99
562 3113.99
563 3093.81
563 3093.81
564 3102.85
564 3102.85
565 3080.54
565 3080.54
566 3078.31
566 3078.31
567 3051.71
567 3051.71
568 3103.06
568 3103.06
569 2989.36
569 2989.36
570 3005.98
570 3005.98
571 3022.73
571 3022.73
575 2921.82
575 2921.82
575 2921.82
575 2921.82
577 2888.57
577 2888.57
577 2888.57
577 2888.57
578 2867.62
578 2867.62
579 2803.62
579 2803.62
580 2753.03
580 2753.03
581 2760.92
581 2760.92
582 2789.32
582 2789.32
583 2823.65
583 2823.65
584 2833.15
584 2833.15
585 2833.39
585 2833.39
586 2867.68
586 2867.68
587 2857.86
587 2857.86
588 2762.28
588 2762.28
589 2733.47
589 2733.47
589 2733.47
589 2733.47
589 2733.47
589 2733.47
591 2683.28
591 2683.28
594 2450.24
594 2450.24
594 2450.24
594 2450.24
595 2351.02
595 2351.02
597 2221.54
597 2221.54
597 2221.54
597 2221.54
600 2065.41
600 2065.41
601 2049.05
601 2049.05
602 2005.91
602 2005.91
604 1906.72
604 1906.72
604 1906.72
604 1906.72
605 1915.79
605 1915.79
605 1915.79
605 1915.79
607 1870.76
607 1870.76
607 1870.76
607 1870.76
608 1843.42
608 1843.42
608 1843.42
608 1843.42
609 1868.76
609 1868.76
610 1888.94
610 1888.94
610 1888.94
610 1888.94
610 1888.94
610 1888.94
612 1854.38
612 1854.38
612 1854.38
612 1854.38
612 1854.38
612 1854.38
614 1833.65
614 1833.65
614 1833.65
614 1833.65
614 1833.65
614 1833.65
617 1881.67
617 1881.67
617 1881.67
617 1881.67
617 1881.67
617 1881.67
620 1839.86
620 1839.86
620 1839.86
620 1839.86
620 1839.86
620 1839.86
623 1786.32
623 1786.32
623 1786.32
623 1786.32
623 1786.32
623 1786.32
626 1745.4
626 1745.4
626 1745.4
626 1745.4
626 1745.4
626 1745.4
630 1656.58
630 1656.58
630 1656.58
630 1656.58
630 1656.58
630 1656.58
633 1593.92
633 1593.92
633 1593.92
633 1593.92
633 1593.92
633 1593.92
637 1528.7
637 1528.7
637 1528.7
637 1528.7
637 1528.7
637 1528.7
640 1530
640 1530
640 1530
640 1530
640 1530
640 1530
643 1536.43
643 1536.43
643 1536.43
643 1536.43
643 1536.43
643 1536.43
647 1513.07
647 1513.07
647 1513.07
647 1513.07
647 1513.07
647 1513.07
650 1502.27
650 1502.27
650 1502.27
650 1502.27
650 1502.27
650 1502.27
654 1493.56
654 1493.56
654 1493.56
654 1493.56
654 1493.56
654 1493.56
657 1474.93
657 1474.93
657 1474.93
657 1474.93
657 1474.93
657 1474.93
661 1459.93
661 1459.93
661 1459.93
661 1459.93
661 1459.93
661 1459.93
664 1433.05
664 1433.05
664 1433.05
664 1433.05
664 1433.05
664 1433.05
667 1416.67
667 1416.67
667 1416.67
667 1416.67
667 1416.67
667 1416.67
668 1411
668 1411
669 1405.97
669 1405.97
669 1405.97
669 1405.97
670 1401.26
670 1401.26
670 1401.26
670 1401.26
670 1401.26
670 1401.26
672 1449.63
672 1449.63
672 1449.63
672 1449.63
673 1595.11
673 1595.11
673 1595.11
673 1595.11
673 1595.11
673 1595.11
674 1733.53
674 1733.53
675 1834.2
675 1834.2
675 1834.2
675 1834.2
676 1969.67
676 1969.67
676 1969.67
676 1969.67
676 1969.67
676 1969.67
677 2106.06
677 2106.06
679 2310.41
679 2310.41
679 2310.41
679 2310.41
680 2440.17
680 2440.17
681 2528.66
681 2528.66
681 2528.66
681 2528.66
682 2571.11
682 2571.11
683 2677.49
683 2677.49
683 2677.49
683 2677.49
684 2729
684 2729
684 2729
684 2729
684 2729
684 2729
686 2831.28
686 2831.28
686 2831.28
686 2831.28
687 2926.87
687 2926.87
687 2926.87
687 2926.87
687 2926.87
687 2926.87
689 2938.67
689 2938.67
689 2938.67
689 2938.67
689 2938.67
689 2938.67
690 2930.27
690 2930.27
690 2930.27
690 2930.27
690 2930.27
690 2930.27
692 2910.88
692 2910.88
692 2910.88
692 2910.88
692 2910.88
692 2910.88
693 2981.56
693 2981.56
693 2981.56
693 2981.56
693 2981.56
693 2981.56
695 2969.62
695 2969.62
695 2969.62
695 2969.62
695 2969.62
695 2969.62
696 3042.96
696 3042.96
696 3042.96
696 3042.96
696 3042.96
696 3042.96
698 3049.9
698 3049.9
698 3049.9
698 3049.9
698 3049.9
698 3049.9
699 3125.02
699 3125.02
699 3125.02
699 3125.02
699 3125.02
699 3125.02
701 3140.5
701 3140.5
701 3140.5
701 3140.5
701 3140.5
701 3140.5
702 3229.9
702 3229.9
702 3229.9
702 3229.9
702 3229.9
702 3229.9
704 3260.31
704 3260.31
704 3260.31
704 3260.31
704 3260.31
704 3260.31
705 3334.17
705 3334.17
705 3334.17
705 3334.17
705 3334.17
705 3334.17
707 3334.66
707 3334.66
707 3334.66
707 3334.66
707 3334.66
707 3334.66
708 3393
708 3393
709 3383.04
709 3383.04
710 3368
710 3368
711 3367.36
711 3367.36
712 3321
712 3321
712 3321
712 3321
713 3269.99
713 3269.99
714 3228.37
714 3228.37
715 3185.47
715 3185.47
716 3209.76
716 3209.76
717 3176.69
717 3176.69
718 3149.5
718 3149.5
719 3106.52
719 3106.52
720 3069.29
720 3069.29
721 3041.33
721 3041.33
721 3041.33
721 3041.33
722 3039.27
722 3039.27
723 3013.18
723 3013.18
724 2989.34
724 2989.34
725 3030.05
725 3030.05
726 2980.65
726 2980.65
727 2970.35
727 2970.35
728 2984.38
728 2984.38
729 2988.45
729 2988.45
730 2993.63
730 2993.63
730 2993.63
730 2993.63
731 2986.61
731 2986.61
732 2988.34
732 2988.34
733 2980.42
733 2980.42
734 3058.09
734 3058.09
735 3075.6
735 3075.6
736 3088.54
736 3088.54
737 3117.15
737 3117.15
738 3126.58
738 3126.58
739 3129.68
739 3129.68
739 3129.68
739 3129.68
740 3128.44
740 3128.44
741 3111.46
741 3111.46
742 3129.29
742 3129.29
743 3189.19
743 3189.19
744 3173.53
744 3173.53
745 3154.12
745 3154.12
746 3151.71
746 3151.71
747 3134.68
747 3134.68
748 3103.17
748 3103.17
748 3103.17
748 3103.17
749 3066.64
749 3066.64
750 3016.49
750 3016.49
751 2999.41
751 2999.41
752 3053.47
752 3053.47
753 3025.8
753 3025.8
754 3020.2
754 3020.2
755 3036.87
755 3036.87
756 3036.02
756 3036.02
757 3022.32
757 3022.32
757 3022.32
757 3022.32
758 3036.88
758 3036.88
759 3068.19
759 3068.19
760 3049.77
760 3049.77
761 3112.21
761 3112.21
762 3126.74
762 3126.74
763 3125.44
763 3125.44
764 3159.86
764 3159.86
765 3175.72
765 3175.72
766 3199.52
766 3199.52
766 3199.52
766 3199.52
767 3213.44
767 3213.44
768 3199.9
768 3199.9
769 3206.31
769 3206.31
770 3285.81
770 3285.81
771 3273.02
771 3273.02
772 3270.25
772 3270.25
773 3295.47
773 3295.47
774 3301.13
774 3301.13
775 3317.08
775 3317.08
775 3317.08
775 3317.08
776 3298.19
776 3298.19
777 3285.36
777 3285.36
778 3272.47
778 3272.47
779 3294.1
779 3294.1
780 3256.73
780 3256.73
781 3239.18
781 3239.18
782 3243.35
782 3243.35
783 3234.29
783 3234.29
784 3224.05
784 3224.05
784 3224.05
784 3224.05
785 3201.64
785 3201.64
786 3218.89
786 3218.89
787 3232.91
787 3232.91
788 3292.78
788 3292.78
789 3288.99
789 3288.99
790 3291.26
790 3291.26
791 3303.9
791 3303.9
792 3314.08
792 3314.08
793 3324.06
793 3324.06
793 3324.06
793 3324.06
794 3332.58
794 3332.58
795 3357.13
795 3357.13
796 3385.26
796 3385.26
797 3456.07
797 3456.07
798 3462.88
798 3462.88
799 3483.36
799 3483.36
800 3502.2
800 3502.2
801 3512.33
801 3512.33
802 3516.59
802 3516.59
802 3516.59
802 3516.59
803 3522.32
803 3522.32
804 3531.52
804 3531.52
805 3524.91
805 3524.91
806 3561.63
806 3561.63
807 3576.88
807 3576.88
808 3561.66
808 3561.66
809 3562.16
809 3562.16
810 3587.51
810 3587.51
811 3577.73
811 3577.73
811 3577.73
811 3577.73
812 3559.16
812 3559.16
813 3543.79
813 3543.79
814 3528.76
814 3528.76
815 3549.79
815 3549.79
816 3532.81
816 3532.81
817 3502.92
817 3502.92
818 3498.05
818 3498.05
819 3501.23
819 3501.23
820 3489.76
820 3489.76
820 3489.76
820 3489.76
821 3491.26
821 3491.26
822 3475.9
822 3475.9
823 3491.44
823 3491.44
824 3534.58
824 3534.58
825 3562.65
825 3562.65
826 3550.19
826 3550.19
827 3559.93
827 3559.93
828 3561.92
828 3561.92
829 3565.49
829 3565.49
829 3565.49
829 3565.49
830 3572.29
830 3572.29
831 3565.64
831 3565.64
832 3554.58
832 3554.58
833 3594.86
833 3594.86
834 3615.39
834 3615.39
835 3621.57
835 3621.57
836 3654.1
836 3654.1
837 3680.28
837 3680.28
838 3692.25
838 3692.25
838 3692.25
838 3692.25
839 3689.03
839 3689.03
840 3678.85
840 3678.85
841 3709.35
841 3709.35
842 3724.54
842 3724.54
843 3752
843 3752
844 3779.87
844 3779.87
845 3788.26
845 3788.26
846 3791.16
846 3791.16
847 3824.85
847 3824.85
848 3832.55
848 3832.55
848 3832.55
848 3832.55
849 3846.55
849 3846.55
850 3845.16
850 3845.16
851 3854.99
851 3854.99
852 3856.12
852 3856.12
853 3864.33
853 3864.33
854 3872.53
854 3872.53
855 3878.34
855 3878.34
856 3890.45
856 3890.45
857 3885.48
857 3885.48
857 3885.48
857 3885.48
858 3885.79
858 3885.79
859 3903.69
859 3903.69
860 3887.93
860 3887.93
861 3872.88
861 3872.88
862 3874.24
862 3874.24
863 3884.38
863 3884.38
864 3893.46
864 3893.46
865 3908.27
865 3908.27
865 3908.27
865 3908.27
866 3919.09
866 3919.09
867 3923.1
867 3923.1
868 3937.35
868 3937.35
869 3929.78
869 3929.78
870 3917.66
870 3917.66
871 3906.52
871 3906.52
872 3891.86
872 3891.86
873 3883.07
873 3883.07
874 3877.14
874 3877.14
874 3877.14
874 3877.14
875 3863.79
875 3863.79
876 3845.97
876 3845.97
877 3826.91
877 3826.91
878 3811.84
878 3811.84
879 3801.18
879 3801.18
880 3814.18
880 3814.18
881 3820.09
881 3820.09
882 3839.32
882 3839.32
883 3846.02
883 3846.02
883 3846.02
883 3846.02
884 3853.78
884 3853.78
885 3850.47
885 3850.47
886 3897.95
886 3897.95
887 3911.6
887 3911.6
888 3904.12
888 3904.12
889 3905.97
889 3905.97
890 3912.5
890 3912.5
891 3920.2
891 3920.2
892 3916.61
892 3916.61
892 3916.61
892 3916.61
893 3892.29
893 3892.29
894 3895.03
894 3895.03
895 3889.2
895 3889.2
896 3884.23
896 3884.23
897 3869.04
897 3869.04
898 3870.57
898 3870.57
899 3881.12
899 3881.12
900 3897.89
900 3897.89
901 3916.48
901 3916.48
901 3916.48
901 3916.48
902 3922.58
902 3922.58
903 3929.9
903 3929.9
904 3940
904 3940
905 3946.57
905 3946.57
906 3954.57
906 3954.57
907 3953.08
907 3953.08
908 3978.2
908 3978.2
909 3989.62
909 3989.62
910 4013.83
910 4013.83
910 4013.83
910 4013.83
911 4023.92
911 4023.92
912 4034.08
912 4034.08
913 4039.26
913 4039.26
914 4056.15
914 4056.15
915 4065.6
915 4065.6
916 4084.1
916 4084.1
917 4102.86
917 4102.86
918 4109.83
918 4109.83
919 4111.1
919 4111.1
919 4111.1
919 4111.1
920 4120.03
920 4120.03
921 4123.39
921 4123.39
922 4106.85
922 4106.85
923 4098.79
923 4098.79
924 4076.79
924 4076.79
925 4068.26
925 4068.26
926 4067.25
926 4067.25
927 4048.46
927 4048.46
928 4038.6
928 4038.6
928 4038.6
928 4038.6
929 4023.14
929 4023.14
930 4033.03
930 4033.03
931 4001.14
931 4001.14
932 4013.1
932 4013.1
933 3999.87
933 3999.87
934 4009.07
934 4009.07
935 3976.5
935 3976.5
936 3997.71
936 3997.71
937 3971.18
937 3971.18
937 3971.18
937 3971.18
938 4002.02
938 4002.02
939 3977.55
939 3977.55
940 4001.3
940 4001.3
941 3964.14
941 3964.14
942 3990.05
942 3990.05
943 3982.41
943 3982.41
944 3988.14
944 3988.14
945 3966.99
945 3966.99
946 3980.56
946 3980.56
946 3980.56
946 3980.56
947 3947.99
947 3947.99
948 3958.17
948 3958.17
949 3957.31
949 3957.31
950 3958.28
950 3958.28
951 3967.4
951 3967.4
952 3966.63
952 3966.63
953 3993.91
953 3993.91
954 3984.09
954 3984.09
955 3995.76
955 3995.76
955 3995.76
955 3995.76
956 3972.39
956 3972.39
957 3984.14
957 3984.14
958 3974.44
958 3974.44
959 3971.3
959 3971.3
960 3940.81
960 3940.81
961 3932.35
961 3932.35
962 3923.32
962 3923.32
963 3928.22
963 3928.22
964 3902.39
964 3902.39
964 3902.39
964 3902.39
965 3903.56
965 3903.56
966 3887.91
966 3887.91
967 3892.43
967 3892.43
968 3898.14
968 3898.14
969 3894.36
969 3894.36
970 3914.64
970 3914.64
971 3903.45
971 3903.45
972 3941.66
972 3941.66
973 3925.17
973 3925.17
973 3925.17
973 3925.17
974 3945.6
974 3945.6
975 3937.68
975 3937.68
976 3952.11
976 3952.11
977 3952.12
977 3952.12
978 3949.4
978 3949.4
979 3950.8
979 3950.8
980 3921.29
980 3921.29
981 3936.47
981 3936.47
982 3913.41
982 3913.41
982 3913.41
982 3913.41
983 3924.96
983 3924.96
984 3898.51
984 3898.51
985 3907.06
985 3907.06
986 3891.21
986 3891.21
987 3871.94
987 3871.94
988 3889.12
988 3889.12
989 3868.77
989 3868.77
990 3881.66
990 3881.66
991 3865.03
991 3865.03
991 3865.03
991 3865.03
992 3871.82
992 3871.82
993 3866.72
993 3866.72
994 3866.96
994 3866.96
995 3872.49
995 3872.49
996 3861.68
996 3861.68
997 3873.66
997 3873.66
998 3865.37
998 3865.37
999 3890.01
999 3890.01
1000 3881.61
1000 3881.61
1000 3881.61
1000 3881.61
